0 	0 	0 	0
0.00184055 	-0.0401806 	-5.2973e-05 	0.0535723
0.00368111 	-0.0803612 	-0.000105946 	0.107145
0.00558849 	-0.0942824 	3.02542e-05 	0.147933
0.00749587 	-0.108204 	0.000166455 	0.188721
0.00947248 	-0.101223 	0.000590054 	0.21502
0.0114491 	-0.0942416 	0.00101365 	0.241319
0.0134975 	-0.0787672 	0.00171947 	0.256882
0.0155459 	-0.0632928 	0.00242528 	0.272446
0.0176687 	-0.0461189 	0.0033495 	0.283133
0.0197915 	-0.028945 	0.00427373 	0.293821
0.0219913 	-0.0110898 	0.00540565 	0.302595
0.0241911 	0.00676542 	0.00653758 	0.311368
0.0264708 	0.0254716 	0.00785554 	0.319393
0.0287506 	0.0441778 	0.0091735 	0.327418
0.031113 	0.0638783 	0.0106346 	0.335137
0.0334755 	0.0835787 	0.0120957 	0.342855
0.0359237 	0.104097 	0.0136496 	0.350349
0.038372 	0.124614 	0.0152034 	0.357842
0.0409091 	0.145513 	0.0167977 	0.365014
0.0434463 	0.166411 	0.018392 	0.372187
0.0460755 	0.187236 	0.0199744 	0.378908
0.0487048 	0.20806 	0.0215568 	0.385629
0.0514295 	0.228482 	0.0230914 	0.391803
0.0541543 	0.248905 	0.0246261 	0.397978
0.0569779 	0.268721 	0.0261007 	0.403555
0.0598016 	0.288537 	0.0275753 	0.409133
0.0627277 	0.307613 	0.028986 	0.414099
0.0656539 	0.326688 	0.0303966 	0.419064
0.0686863 	0.344913 	0.0317405 	0.423431
0.0717187 	0.363138 	0.0330844 	0.427797
0.0748612 	0.380421 	0.0343601 	0.431602
0.0780037 	0.397704 	0.0356358 	0.435407
0.0812603 	0.413975 	0.0368443 	0.438717
0.0845169 	0.430247 	0.0380528 	0.442026
0.0878917 	0.44547 	0.0391969 	0.444931
0.0912666 	0.460693 	0.0403409 	0.447835
0.0947639 	0.474866 	0.0414233 	0.450441
0.0982613 	0.48904 	0.0425056 	0.453047
0.101886 	0.502198 	0.0435291 	0.455471
0.10551 	0.515355 	0.0445525 	0.457894
0.109266 	0.527556 	0.0455185 	0.460248
0.113022 	0.539756 	0.0464845 	0.462602
0.116914 	0.551074 	0.0473917 	0.464986
0.120806 	0.562392 	0.0482988 	0.467369
0.12484 	0.572909 	0.0491429 	0.46986
0.128874 	0.583427 	0.0499869 	0.472351
0.133054 	0.593225 	0.0507617 	0.475005
0.137234 	0.603023 	0.0515365 	0.477659
0.141565 	0.612179 	0.0522349 	0.480506
0.145897 	0.621335 	0.0529333 	0.483353
0.150386 	0.629915 	0.0535479 	0.486394
0.154876 	0.638495 	0.0541626 	0.489435
0.159528 	0.646536 	0.0546873 	0.492641
0.16418 	0.654577 	0.055212 	0.495847
0.169001 	0.662079 	0.0556421 	0.499154
0.173822 	0.669582 	0.0560723 	0.502462
0.178818 	0.676516 	0.0564056 	0.50578
0.183814 	0.683451 	0.056739 	0.509099
0.188991 	0.689774 	0.0569757 	0.512327
0.194169 	0.696098 	0.0572124 	0.515554
0.199534 	0.701767 	0.0573548 	0.518589
0.2049 	0.707436 	0.0574973 	0.521625
0.21046 	0.712429 	0.0575507 	0.524388
0.21602 	0.717422 	0.0576042 	0.527151
0.221782 	0.721755 	0.0575767 	0.5296
0.227544 	0.726089 	0.0575492 	0.532049
0.233515 	0.729819 	0.0574506 	0.534179
0.239487 	0.73355 	0.0573519 	0.536309
0.245675 	0.736756 	0.057192 	0.538142
0.251863 	0.739962 	0.0570322 	0.539974
0.258275 	0.742725 	0.0568201 	0.541539
0.264688 	0.745487 	0.0566081 	0.543105
0.271334 	0.74788 	0.0563521 	0.544437
0.27798 	0.750274 	0.0560961 	0.545769
0.284866 	0.752359 	0.0558035 	0.546897
0.291753 	0.754445 	0.0555109 	0.548026
0.29889 	0.756273 	0.055188 	0.548974
0.306027 	0.758101 	0.054865 	0.549922
0.313423 	0.75971 	0.0545176 	0.550709
0.320819 	0.76132 	0.0541701 	0.551497
0.328483 	0.762743 	0.0538036 	0.55214
0.336148 	0.764166 	0.0534371 	0.552783
0.344091 	0.76543 	0.0530568 	0.553295
0.352034 	0.766693 	0.0526765 	0.553807
0.360265 	0.767819 	0.0522874 	0.5542
0.368496 	0.768946 	0.0518984 	0.554592
0.377026 	0.769955 	0.0515056 	0.554875
0.385557 	0.770965 	0.0511129 	0.555158
0.394396 	0.771878 	0.0507219 	0.55534
0.403236 	0.77279 	0.0503309 	0.555523
0.403236 	0.77279 	0.0503309 	0.555523
0.412396 	0.773624 	0.0499474 	0.555613
0.421557 	0.774459 	0.0495639 	0.555703
0.431051 	0.775233 	0.0491938 	0.555708
0.440544 	0.776006 	0.0488237 	0.555713
0.450382 	0.776737 	0.0484722 	0.55564
0.46022 	0.777469 	0.0481208 	0.555567
0.470415 	0.778172 	0.0477934 	0.555421
0.48061 	0.778876 	0.047466 	0.555275
0.491175 	0.779568 	0.0471674 	0.555059
0.501741 	0.78026 	0.0468688 	0.554844
0.51269 	0.780954 	0.0466039 	0.554563
0.523639 	0.781648 	0.046339 	0.554281
0.534986 	0.782359 	0.0461125 	0.553937
0.546332 	0.78307 	0.045886 	0.553592
0.558091 	0.783811 	0.0457009 	0.553187
0.569849 	0.784552 	0.0455158 	0.552782
0.582034 	0.785338 	0.0453752 	0.552317
0.594219 	0.786123 	0.0452346 	0.551852
0.606847 	0.786967 	0.0451398 	0.551331
0.619475 	0.78781 	0.045045 	0.550809
0.632561 	0.788724 	0.0449974 	0.550231
0.645647 	0.789638 	0.0449498 	0.549653
0.659208 	0.790637 	0.0449488 	0.549021
0.67277 	0.791635 	0.0449478 	0.548389
0.686824 	0.79273 	0.0449918 	0.547704
0.700877 	0.793824 	0.0450358 	0.547018
0.715441 	0.795027 	0.0451222 	0.546281
0.730005 	0.796229 	0.0452086 	0.545544
0.745097 	0.797549 	0.0453325 	0.544756
0.76019 	0.798869 	0.0454564 	0.543967
0.775831 	0.800315 	0.0456121 	0.543128
0.791472 	0.801761 	0.0457678 	0.542289
0.807681 	0.80334 	0.045946 	0.5414
0.823889 	0.804919 	0.0461242 	0.540511
0.840686 	0.806633 	0.0463141 	0.539572
0.857483 	0.808347 	0.0465039 	0.538633
0.87489 	0.810198 	0.0466954 	0.537644
0.892297 	0.81205 	0.0468868 	0.536655
0.910336 	0.814039 	0.0470698 	0.535614
0.928375 	0.816029 	0.0472528 	0.534573
0.947068 	0.818156 	0.0474165 	0.533479
0.965762 	0.820283 	0.0475802 	0.532385
1.00451 	0.82481 	0.0478448 	0.530092
1.04466 	0.829604 	0.0480229 	0.527695
1.08627 	0.834658 	0.0480911 	0.525197
1.08627 	0.834658 	0.0480911 	0.525197
1.10783 	0.837309 	0.048059 	0.523901
1.12939 	0.83996 	0.0480268 	0.522605
1.15174 	0.842722 	0.0479182 	0.521266
1.17408 	0.845485 	0.0478095 	0.519927
1.19723 	0.848346 	0.0476158 	0.518551
1.22038 	0.851206 	0.0474221 	0.517175
1.24438 	0.854147 	0.0471365 	0.515765
1.26837 	0.857087 	0.0468509 	0.514356
1.29324 	0.860086 	0.046468 	0.512918
1.3181 	0.863085 	0.0460851 	0.51148
1.34387 	0.866115 	0.0456028 	0.510017
1.36964 	0.869145 	0.0451204 	0.508555
1.39635 	0.872183 	0.0445418 	0.507073
1.42305 	0.875221 	0.0439631 	0.505591
1.45073 	0.878247 	0.0432961 	0.504095
1.4784 	0.881273 	0.042629 	0.502599
1.50708 	0.884264 	0.0418835 	0.501095
1.53576 	0.887254 	0.041138 	0.49959
1.5952 	0.893116 	0.0395108 	0.496575
1.65679 	0.898812 	0.0377665 	0.49357
1.65679 	0.898812 	0.0377665 	0.49357
1.68871 	0.901558 	0.0368453 	0.49208
1.72063 	0.904305 	0.035924 	0.49059
1.75371 	0.906927 	0.0349666 	0.48912
1.78678 	0.909549 	0.0340092 	0.487649
1.82105 	0.911999 	0.0330226 	0.486203
1.85533 	0.914449 	0.0320359 	0.484757
1.89085 	0.916618 	0.0309525 	0.483339
1.92638 	0.918787 	0.0298692 	0.481921
1.96319 	0.920473 	0.0295774 	0.480527
2 	0.922159 	0.0292856 	0.479133
2 	0.922159 	0.0292856 	0.479133
2.03636 	0.924179 	0.0280813 	0.477792
2.07273 	0.9262 	0.026877 	0.476451
