0 	0 	0 	0
0.00184056 	0.0456559 	4.78301e-05 	0.0345704
0.00368111 	0.0910528 	9.65088e-05 	0.0690628
0.00375819 	0.0929201 	0.000101927 	0.0704304
0.00554995 	0.136328 	0.00022789 	0.102221
0.00562703 	0.138196 	0.000233308 	0.103588
0.00741879 	0.181604 	0.00035927 	0.135379
0.00749587 	0.183325 	0.000367503 	0.136666
0.00757574 	0.184901 	0.00037616 	0.13777
0.00947249 	0.222325 	0.000581739 	0.163975
0.00951242 	0.223113 	0.000586068 	0.164527
0.0114491 	0.261293 	0.000800867 	0.191225
0.0114491 	0.261293 	0.000800867 	0.191225
0.0134975 	0.29004 	0.00106095 	0.210223
0.0134975 	0.29004 	0.00106095 	0.210223
0.0155459 	0.318824 	0.00132724 	0.229184
0.0155459 	0.318824 	0.00132724 	0.229184
0.0176687 	0.340502 	0.00162165 	0.242605
0.0176687 	0.340502 	0.00162165 	0.242605
0.0197915 	0.362243 	0.00192317 	0.255999
0.0197915 	0.362243 	0.00192317 	0.255999
0.0219913 	0.379751 	0.00225229 	0.266126
0.0219913 	0.379751 	0.00225229 	0.266126
0.0241911 	0.397332 	0.00258923 	0.276232
0.0241911 	0.397332 	0.00258923 	0.276232
0.0264708 	0.412204 	0.00295199 	0.284267
0.0264709 	0.412204 	0.00295199 	0.284267
0.0287506 	0.427151 	0.00332303 	0.292283
0.0287506 	0.427151 	0.00332303 	0.292283
0.031113 	0.440242 	0.00371836 	0.2989
0.031113 	0.440242 	0.00371836 	0.2989
0.0334755 	0.453405 	0.00412225 	0.305498
0.0334755 	0.453405 	0.00412225 	0.305498
0.0359237 	0.465212 	0.00454957 	0.311098
0.0359238 	0.465212 	0.00454957 	0.311098
0.038372 	0.477088 	0.00498558 	0.316681
0.038372 	0.477088 	0.00498558 	0.316681
0.0384745 	0.477525 	0.00500413 	0.316877
0.0385771 	0.477963 	0.00502267 	0.317073
0.0409091 	0.487913 	0.00544453 	0.321522
0.0434463 	0.498803 	0.00591214 	0.326346
0.0460755 	0.508833 	0.00640223 	0.330601
0.0487048 	0.518922 	0.0069008 	0.33484
0.0514295 	0.528279 	0.00742129 	0.338637
0.0541543 	0.537688 	0.0079499 	0.342419
0.0542684 	0.538042 	0.00797212 	0.342558
0.0543825 	0.538396 	0.00799435 	0.342697
0.0570921 	0.54681 	0.00852208 	0.345997
0.0598016 	0.555266 	0.00905742 	0.349282
0.0626095 	0.563172 	0.00961235 	0.352316
0.0654174 	0.571079 	0.0101673 	0.35535
0.0655357 	0.571412 	0.0101907 	0.355478
0.0656539 	0.571778 	0.0102209 	0.355593
0.0686863 	0.579534 	0.0108261 	0.358547
0.0717187 	0.587314 	0.0114375 	0.361491
0.0748612 	0.594626 	0.0120678 	0.3643
0.0780037 	0.601951 	0.0127033 	0.3671
0.0812603 	0.608856 	0.0133566 	0.369818
0.0845169 	0.615762 	0.0140141 	0.37253
0.0878917 	0.62229 	0.0146875 	0.375208
0.0912666 	0.628808 	0.0153641 	0.377883
0.0947639 	0.63499 	0.0160542 	0.380564
0.0982613 	0.641151 	0.0167463 	0.383244
0.101886 	0.647016 	0.017449 	0.385966
0.10551 	0.65285 	0.0181524 	0.388691
0.109266 	0.65843 	0.0188629 	0.391486
0.113022 	0.66397 	0.019573 	0.394287
0.116914 	0.669301 	0.020286 	0.397184
0.120806 	0.674584 	0.0209975 	0.400091
0.120969 	0.674791 	0.0210262 	0.400213
0.121132 	0.674998 	0.0210549 	0.400335
0.125003 	0.67991 	0.0217362 	0.403233
0.128874 	0.684769 	0.0224149 	0.406145
0.132885 	0.689515 	0.0230876 	0.409178
0.136896 	0.69426 	0.0237602 	0.412211
0.137065 	0.69446 	0.0237886 	0.412339
0.137234 	0.694603 	0.0238134 	0.412484
0.141565 	0.699412 	0.0244994 	0.415794
0.145897 	0.704163 	0.0251811 	0.419126
0.148051 	0.706421 	0.0255004 	0.420786
0.150205 	0.70868 	0.0258197 	0.422446
0.152541 	0.711128 	0.0261658 	0.424247
0.154876 	0.713521 	0.0265068 	0.426073
0.157155 	0.715795 	0.0268201 	0.427839
0.159434 	0.718068 	0.0271334 	0.429606
0.161807 	0.720436 	0.0274596 	0.431445
0.16418 	0.722751 	0.0277801 	0.433315
0.168709 	0.727082 	0.028352 	0.436828
0.173238 	0.731413 	0.0289239 	0.440341
0.17353 	0.731693 	0.0289608 	0.440567
0.173822 	0.731925 	0.0289915 	0.440828
0.178818 	0.736534 	0.0295654 	0.444683
0.183814 	0.741103 	0.0301328 	0.448576
0.188991 	0.745728 	0.0306681 	0.452523
0.194169 	0.750322 	0.0311966 	0.456512
0.194386 	0.75051 	0.0312166 	0.456675
0.194603 	0.750698 	0.0312366 	0.456837
0.199751 	0.75516 	0.0317107 	0.460691
0.2049 	0.7596 	0.0321777 	0.464588
0.210123 	0.76399 	0.0326014 	0.468402
0.215346 	0.76838 	0.0330251 	0.472216
0.215683 	0.768663 	0.0330524 	0.472462
0.21602 	0.768935 	0.0330726 	0.472754
0.221782 	0.773621 	0.0334795 	0.476831
0.227544 	0.778306 	0.0338793 	0.480956
0.227665 	0.7784 	0.0338866 	0.481038
0.227785 	0.778495 	0.0338939 	0.48112
0.233636 	0.783074 	0.0342488 	0.485101
0.239487 	0.787663 	0.0345967 	0.489129
0.245612 	0.792236 	0.0349108 	0.493095
0.251738 	0.796819 	0.0352215 	0.497083
0.2518 	0.79687 	0.035223 	0.497135
0.251863 	0.796922 	0.0352246 	0.497187
0.258211 	0.801379 	0.0354942 	0.501037
0.264558 	0.80585 	0.0357608 	0.50491
0.264623 	0.805902 	0.035762 	0.50496
0.264688 	0.805955 	0.0357631 	0.50501
0.271334 	0.810262 	0.0359918 	0.508718
0.27798 	0.814604 	0.0362146 	0.512465
0.280136 	0.81587 	0.0362727 	0.51355
0.282293 	0.817135 	0.0363309 	0.514636
0.287023 	0.81991 	0.0364584 	0.517018
0.291753 	0.822722 	0.0365804 	0.519433
0.298746 	0.826364 	0.0367206 	0.522554
0.305739 	0.830006 	0.0368609 	0.525675
0.305883 	0.830099 	0.0368611 	0.525753
0.306027 	0.830192 	0.0368613 	0.525831
0.306326 	0.830328 	0.0368654 	0.525947
0.306625 	0.830464 	0.0368696 	0.526064
0.313722 	0.83369 	0.0369679 	0.52883
0.320819 	0.836949 	0.0370612 	0.531617
0.328019 	0.839773 	0.0371227 	0.534046
0.335219 	0.842597 	0.0371842 	0.536475
0.335683 	0.842779 	0.0371882 	0.536631
0.336148 	0.842991 	0.0371873 	0.536804
0.343931 	0.845607 	0.0372191 	0.539065
0.351713 	0.848222 	0.0372509 	0.541327
0.351874 	0.848289 	0.0372493 	0.541379
0.352034 	0.848355 	0.0372477 	0.541431
0.360265 	0.85071 	0.0372507 	0.543485
0.368496 	0.853084 	0.0372495 	0.545546
0.377026 	0.855146 	0.0372256 	0.547366
0.385557 	0.857222 	0.0371979 	0.549189
0.385557 	0.857222 	0.0371979 	0.549189
0.387546 	0.857625 	0.0371869 	0.54955
0.389535 	0.858028 	0.0371758 	0.549911
0.396385 	0.859416 	0.0371378 	0.551155
0.403236 	0.860816 	0.0370965 	0.5524
0.41052 	0.862047 	0.0370388 	0.553523
0.417805 	0.863279 	0.0369811 	0.554646
0.419681 	0.863597 	0.0369662 	0.554935
0.421557 	0.863922 	0.0369486 	0.555224
0.431051 	0.865259 	0.0368541 	0.556467
0.440544 	0.866602 	0.0367573 	0.557709
0.442758 	0.866862 	0.0367315 	0.557955
0.444971 	0.867122 	0.0367056 	0.558202
0.452596 	0.868018 	0.0366165 	0.559052
0.46022 	0.868917 	0.0365254 	0.5599
0.468327 	0.869714 	0.0364184 	0.560671
0.476434 	0.870511 	0.0363114 	0.561442
0.478522 	0.870716 	0.0362838 	0.56164
0.48061 	0.870924 	0.0362547 	0.561837
0.491176 	0.871795 	0.0361011 	0.562697
0.501741 	0.872669 	0.0359464 	0.563556
0.51269 	0.87343 	0.0357743 	0.564322
0.523639 	0.874193 	0.0356013 	0.565087
0.534986 	0.874861 	0.0354107 	0.565774
0.546332 	0.875531 	0.0352194 	0.566459
0.55809 	0.876121 	0.0350098 	0.567078
0.569849 	0.876712 	0.0347997 	0.567697
0.582034 	0.877234 	0.0345705 	0.568259
0.594219 	0.877758 	0.034341 	0.568821
0.606847 	0.878222 	0.0340916 	0.569336
0.619475 	0.878687 	0.033842 	0.569851
0.622419 	0.87878 	0.0337812 	0.569957
0.625364 	0.878873 	0.0337203 	0.570064
0.635505 	0.879193 	0.0335108 	0.570431
0.645647 	0.879513 	0.0333011 	0.570798
0.656431 	0.879805 	0.0330687 	0.571147
0.667215 	0.880097 	0.0328364 	0.571495
0.669993 	0.880172 	0.0327766 	0.571585
0.67277 	0.880247 	0.0327166 	0.571675
0.686824 	0.880571 	0.032402 	0.572081
0.700877 	0.880895 	0.0320872 	0.572488
0.715441 	0.88118 	0.0317492 	0.572866
0.730005 	0.881465 	0.0314111 	0.573244
0.745097 	0.881713 	0.031049 	0.573595
0.76019 	0.88196 	0.0306866 	0.573946
0.775831 	0.882172 	0.0302997 	0.574272
0.791472 	0.882383 	0.0299123 	0.574597
0.80768 	0.882562 	0.0294997 	0.574898
0.823889 	0.882739 	0.0290866 	0.575199
0.840686 	0.882885 	0.0286476 	0.575476
0.857483 	0.88303 	0.028208 	0.575752
0.87489 	0.883144 	0.0277422 	0.576004
0.892297 	0.883257 	0.0272755 	0.576255
0.910336 	0.883341 	0.0267825 	0.576482
0.928375 	0.883423 	0.0262885 	0.576708
0.947068 	0.883477 	0.0257682 	0.57691
0.965762 	0.88353 	0.0252466 	0.577111
0.985136 	0.883555 	0.0246992 	0.577288
1.00451 	0.883578 	0.0241504 	0.577463
1.02458 	0.883574 	0.0235767 	0.577615
1.04466 	0.883568 	0.0230013 	0.577765
1.06546 	0.883534 	0.0224025 	0.577892
1.08627 	0.8835 	0.0218019 	0.578017
1.10783 	0.883438 	0.0211798 	0.578119
1.12939 	0.883375 	0.0205559 	0.578217
1.15173 	0.883285 	0.019913 	0.578294
1.17408 	0.883194 	0.0192683 	0.578367
1.19723 	0.883075 	0.0186077 	0.578417
1.22038 	0.882956 	0.0179452 	0.578463
1.24437 	0.882809 	0.0172703 	0.578487
1.26837 	0.882662 	0.0165936 	0.578507
1.29323 	0.882487 	0.0159085 	0.578505
1.3181 	0.882313 	0.0152216 	0.578497
1.34387 	0.882109 	0.0145307 	0.578469
1.36964 	0.881907 	0.0138381 	0.578434
1.39634 	0.881676 	0.0131461 	0.578378
1.42305 	0.881447 	0.0124527 	0.578316
1.42417 	0.881437 	0.0124249 	0.578313
1.45128 	0.881185 	0.0117508 	0.57823
1.4784 	0.880934 	0.0110755 	0.578142
1.47956 	0.880923 	0.0110481 	0.578137
1.50708 	0.880653 	0.0103969 	0.578029
1.50766 	0.880648 	0.0103832 	0.578026
1.53576 	0.880374 	0.00971727 	0.577909
1.53576 	0.880374 	0.00971727 	0.577909
1.56548 	0.880072 	0.00905346 	0.577766
1.56548 	0.880072 	0.00905346 	0.577766
1.5952 	0.879773 	0.0083889 	0.577615
1.5952 	0.879773 	0.0083889 	0.577615
1.62599 	0.879455 	0.00774553 	0.577441
1.62599 	0.879455 	0.00774553 	0.577441
1.65679 	0.879139 	0.00710175 	0.577259
1.65679 	0.879139 	0.00710175 	0.577259
1.68871 	0.878808 	0.00648451 	0.577052
1.68871 	0.878808 	0.00648451 	0.577052
1.72063 	0.878481 	0.00586724 	0.576838
1.72063 	0.878481 	0.00586724 	0.576838
1.7537 	0.878141 	0.0052817 	0.5766
1.78678 	0.877805 	0.00469652 	0.576354
1.82105 	0.87746 	0.00414753 	0.576085
1.85533 	0.877118 	0.00359931 	0.575808
1.89085 	0.876768 	0.00309066 	0.575509
1.92638 	0.876422 	0.00258314 	0.575203
1.96319 	0.876074 	0.00212233 	0.574883
2 	0.875729 	0.00166295 	0.574555
