0 	0.00010926 	0 	-0.00339531
0.00184055 	0.000136825 	2.89204e-07 	-0.00339505
0.00368111 	0.000173658 	6.5606e-07 	-0.00339473
0.00558849 	0.000428967 	4.09222e-06 	-0.00339403
0.00749587 	0.00074655 	8.24727e-06 	-0.0033932
0.00947248 	0.00125922 	1.9646e-05 	-0.00339196
0.0114491 	0.00185799 	3.26219e-05 	-0.00339061
0.0121669 	0.00201773 	3.87717e-05 	-0.00338991
0.0128847 	0.00217748 	4.49216e-05 	-0.00338921
0.0128847 	0.00217748 	4.49216e-05 	-0.00338921
0.0142153 	0.00251517 	5.80051e-05 	-0.00338783
0.0155459 	0.00285286 	7.10886e-05 	-0.00338646
0.0176687 	0.00315797 	9.27649e-05 	-0.00338362
0.0183037 	0.0032542 	9.97744e-05 	-0.00338276
0.0190476 	0.00336693 	0.000107985 	-0.00338175
0.0197915 	0.00347967 	0.000116197 	-0.00338075
0.0197915 	0.00347967 	0.000116197 	-0.00338075
0.0219913 	0.00366713 	0.000139864 	-0.00337724
0.0241911 	0.00386055 	0.000165227 	-0.00337383
0.0264709 	0.00398118 	0.000189593 	-0.00336972
0.0287506 	0.00410244 	0.000215472 	-0.00336599
0.0311131 	0.00418393 	0.000239949 	-0.00336141
0.0334755 	0.00426376 	0.000265624 	-0.00335757
0.0359238 	0.00432067 	0.000290024 	-0.00335266
0.038372 	0.00437482 	0.000315313 	-0.00334885
0.0405947 	0.00441078 	0.00033654 	-0.00334416
0.0405947 	0.00441078 	0.00033654 	-0.00334416
0.0420205 	0.00443157 	0.000350546 	-0.0033421
0.0428174 	0.00444319 	0.000358375 	-0.00334095
0.0434463 	0.00445235 	0.000364552 	-0.00334004
0.0460755 	0.00448142 	0.000388778 	-0.00333471
0.0464014 	0.0044845 	0.00039182 	-0.00333427
0.0475531 	0.00449537 	0.000402572 	-0.00333274
0.0487048 	0.00450624 	0.000413325 	-0.00333121
0.0487048 	0.00450624 	0.000413325 	-0.00333121
0.0514295 	0.00452689 	0.000437498 	-0.00332573
0.0514296 	0.00452689 	0.000437498 	-0.00332573
0.0541543 	0.00454271 	0.000461677 	-0.00332243
0.0541543 	0.00454271 	0.000461677 	-0.00332243
0.056978 	0.00455701 	0.000485873 	-0.00331688
0.0598016 	0.00456598 	0.000509726 	-0.00331381
0.0627278 	0.00457539 	0.000533994 	-0.00330827
0.0656539 	0.00457906 	0.000557543 	-0.00330547
0.0686863 	0.00458476 	0.000581848 	-0.00330004
0.0717187 	0.00458429 	0.000605125 	-0.00329754
0.0748612 	0.00458724 	0.000629563 	-0.00329228
0.0780037 	0.00458355 	0.000652708 	-0.0032901
0.0805714 	0.00458587 	0.000672512 	-0.00328548
0.0831391 	0.00458101 	0.000690857 	-0.003284
0.083828 	0.00457971 	0.000695778 	-0.0032836
0.0845169 	0.00457841 	0.0007007 	-0.0032832
0.0870048 	0.00458027 	0.000719645 	-0.00327889
0.0894926 	0.00457437 	0.000737124 	-0.0032777
0.0903796 	0.00457227 	0.000743355 	-0.00327727
0.0912666 	0.00457017 	0.000749587 	-0.00327685
0.094764 	0.00456922 	0.000775541 	-0.00327242
0.0982613 	0.00455991 	0.000799921 	-0.00327103
0.0993197 	0.00456065 	0.000808089 	-0.00326947
0.100378 	0.00456138 	0.000816257 	-0.00326791
0.102944 	0.00455566 	0.000834434 	-0.00326657
0.10551 	0.00454846 	0.000852291 	-0.00326571
0.107621 	0.00454992 	0.000868718 	-0.00326295
0.109731 	0.00454577 	0.00088376 	-0.00326181
0.111377 	0.0045411 	0.000895131 	-0.00326134
0.113022 	0.00453643 	0.000906502 	-0.00326087
0.116091 	0.00453748 	0.000930413 	-0.00325769
0.119159 	0.0045289 	0.0009515 	-0.0032569
0.119983 	0.0045266 	0.000957157 	-0.00325669
0.120806 	0.0045243 	0.000962815 	-0.00325648
0.123073 	0.0045261 	0.00097969 	-0.00325431
0.12534 	0.00452194 	0.000995496 	-0.00325336
0.127107 	0.00451718 	0.00100754 	-0.00325293
0.128874 	0.00451241 	0.00101959 	-0.0032525
0.132902 	0.00451213 	0.0010478 	-0.00324994
0.13693 	0.00450176 	0.00107502 	-0.00324895
0.137082 	0.00450137 	0.00107605 	-0.00324892
0.137234 	0.00450098 	0.00107707 	-0.00324888
0.139668 	0.00450331 	0.00109431 	-0.00324741
0.142102 	0.0044994 	0.00111079 	-0.00324659
0.144 	0.00449476 	0.00112344 	-0.00324612
0.145897 	0.00449011 	0.00113609 	-0.00324565
0.150387 	0.00449031 	0.00116656 	-0.00324396
0.154876 	0.00447978 	0.00119622 	-0.00324287
0.159528 	0.00448047 	0.00122732 	-0.00324166
0.16418 	0.00446986 	0.00125789 	-0.00324061
0.169001 	0.00447102 	0.00128944 	-0.00323986
0.173822 	0.00446012 	0.00132086 	-0.00323898
0.178818 	0.00446171 	0.00135305 	-0.0032387
0.183814 	0.00445033 	0.00138552 	-0.00323812
0.187896 	0.00445484 	0.00141142 	-0.00323837
0.191979 	0.00444548 	0.00143814 	-0.00323832
0.193074 	0.00444297 	0.00144531 	-0.0032383
0.194169 	0.00444046 	0.00145248 	-0.00323829
0.197184 	0.00444529 	0.00147138 	-0.00323878
0.200199 	0.00444128 	0.00149123 	-0.00323916
0.20255 	0.0044359 	0.00150694 	-0.00323943
0.2049 	0.00443051 	0.00152266 	-0.00323971
0.21046 	0.00443299 	0.00155827 	-0.00324118
0.21602 	0.00442017 	0.00159653 	-0.00324274
0.221782 	0.00442248 	0.00163361 	-0.00324505
0.227544 	0.00440893 	0.00167482 	-0.00324781
0.22859 	0.00441047 	0.00168112 	-0.00324831
0.229637 	0.00441202 	0.00168742 	-0.00324882
0.234562 	0.00440827 	0.00172111 	-0.00325184
0.239487 	0.00439638 	0.00175779 	-0.00325533
0.2403 	0.00439744 	0.00176257 	-0.00325582
0.241113 	0.00439851 	0.00176736 	-0.00325632
0.246488 	0.00439546 	0.001804 	-0.00326058
0.251863 	0.00438216 	0.00184576 	-0.00326589
0.258275 	0.00438218 	0.00188697 	-0.00327165
0.264688 	0.00436599 	0.00193906 	-0.00327994
0.269928 	0.00436835 	0.00196963 	-0.00328482
0.275168 	0.00435503 	0.00201431 	-0.0032931
0.276574 	0.00435145 	0.0020263 	-0.00329532
0.27798 	0.00434788 	0.00203829 	-0.00329754
0.278708 	0.0043483 	0.00204217 	-0.00329824
0.279437 	0.00434872 	0.00204604 	-0.00329895
0.285595 	0.00434367 	0.00208916 	-0.00330729
0.291753 	0.00432819 	0.0021448 	-0.00331852
0.29889 	0.00432486 	0.00219161 	-0.00332826
0.306027 	0.0043075 	0.0022607 	-0.00334273
0.313423 	0.00430343 	0.002311 	-0.00335372
0.320819 	0.00428631 	0.00238845 	-0.00336999
0.328484 	0.00428163 	0.00244344 	-0.00338215
0.336148 	0.00426499 	0.00253073 	-0.00340017
0.342411 	0.00426322 	0.00257086 	-0.0034092
0.348674 	0.00425063 	0.00264859 	-0.0034248
0.350354 	0.00424725 	0.00266945 	-0.00342899
0.352034 	0.00424387 	0.0026903 	-0.00343318
0.35666 	0.00424307 	0.00271836 	-0.00343932
0.361285 	0.00423647 	0.00277245 	-0.00345001
0.364891 	0.00422985 	0.00282127 	-0.00345951
0.368496 	0.00422323 	0.00287009 	-0.003469
0.377027 	0.0042174 	0.00294761 	-0.00348393
0.385557 	0.00420328 	0.00307348 	-0.00350766
0.385557 	0.00420328 	0.00307348 	-0.00350766
0.394396 	0.00419711 	0.00316212 	-0.00352319
0.403236 	0.00418415 	0.00330406 	-0.00354924
0.410717 	0.00417962 	0.00337659 	-0.00355995
0.418198 	0.00417009 	0.00350749 	-0.00358327
0.419878 	0.00416795 	0.00353687 	-0.0035885
0.421557 	0.00416581 	0.00356626 	-0.00359374
0.428442 	0.00416131 	0.00363442 	-0.00360134
0.435327 	0.00415389 	0.0037658 	-0.00362394
0.437935 	0.00415108 	0.00381557 	-0.0036325
0.440544 	0.00414827 	0.00386535 	-0.00364107
0.450382 	0.00414023 	0.00400222 	-0.00365736
0.46022 	0.00413158 	0.00420649 	-0.0036912
0.470415 	0.00412278 	0.00436496 	-0.00370765
0.48061 	0.00411582 	0.0045942 	-0.00374429
0.482062 	0.00411426 	0.00461513 	-0.00374524
0.483513 	0.0041127 	0.00463606 	-0.0037462
0.492627 	0.00410559 	0.00481267 	-0.00376642
0.501741 	0.00410109 	0.00503341 	-0.00380053
0.51269 	0.00409097 	0.00524488 	-0.00381763
0.523639 	0.00408753 	0.00552898 	-0.00386007
0.531868 	0.00407743 	0.00568469 	-0.00386534
0.540096 	0.0040762 	0.00591165 	-0.00389818
0.543214 	0.00407574 	0.00599765 	-0.00391063
0.546332 	0.00407528 	0.00608364 	-0.00392307
0.558091 	0.00406453 	0.00635736 	-0.00394182
0.569849 	0.00406453 	0.00669907 	-0.00398986
0.582034 	0.00405397 	0.00700645 	-0.0040103
0.594219 	0.00405559 	0.00737681 	-0.00406106
0.606847 	0.00404572 	0.00771895 	-0.00408408
0.619475 	0.00404887 	0.00811743 	-0.00413756
0.632561 	0.0040402 	0.00849298 	-0.00416418
0.645647 	0.00404474 	0.00891817 	-0.00422043
0.648698 	0.00404193 	0.00900533 	-0.00422474
0.65175 	0.00403912 	0.00909248 	-0.00422905
0.66226 	0.00403901 	0.00942381 	-0.00426475
0.67277 	0.00404348 	0.00977002 	-0.00431043
0.67512 	0.00404177 	0.00984029 	-0.0043146
0.677471 	0.00404007 	0.00991056 	-0.00431877
0.689174 	0.00403951 	0.0102744 	-0.00435645
0.700877 	0.00404517 	0.0106491 	-0.00440744
0.715441 	0.00404215 	0.0110955 	-0.00444767
0.730005 	0.00404982 	0.0115238 	-0.00451055
0.745097 	0.00404893 	0.011985 	-0.00455497
0.76019 	0.00405735 	0.0123869 	-0.0046191
0.770223 	0.00405593 	0.0127174 	-0.00464561
0.780256 	0.00406107 	0.0129711 	-0.00468605
0.785864 	0.00406431 	0.0131085 	-0.00470945
0.791472 	0.00406756 	0.013246 	-0.00473285
0.80391 	0.00406835 	0.0136461 	-0.00476965
0.816348 	0.0040757 	0.013924 	-0.00482042
0.820119 	0.00407793 	0.0140083 	-0.00483581
0.823889 	0.00408015 	0.0140925 	-0.0048512
0.840686 	0.00408479 	0.0145766 	-0.00490633
0.857483 	0.00409476 	0.0149105 	-0.0049728
0.87489 	0.00410074 	0.015378 	-0.00502984
0.892297 	0.004111 	0.0156707 	-0.00509574
0.910336 	0.00411803 	0.0160862 	-0.00515362
0.928375 	0.00412845 	0.0163102 	-0.0052181
0.947069 	0.00413629 	0.0166605 	-0.00527621
0.965762 	0.00414677 	0.0168097 	-0.00533901
0.985136 	0.00415519 	0.0171225 	-0.00539738
1.00451 	0.00416561 	0.0172274 	-0.00545904
1.02459 	0.00417441 	0.0175215 	-0.00551798
1.04466 	0.00418465 	0.0176059 	-0.00557934
1.06547 	0.00419362 	0.0178824 	-0.00563907
1.08627 	0.00420354 	0.0179572 	-0.00570079
1.10783 	0.00421248 	0.01822 	-0.00576139
1.12939 	0.00422192 	0.0182988 	-0.00582391
1.15174 	0.00423062 	0.0185506 	-0.00588536
1.17408 	0.0042394 	0.0186424 	-0.00594895
1.19723 	0.00424764 	0.0188652 	-0.00601109
1.22038 	0.00425558 	0.0189734 	-0.00607585
1.24438 	0.00426314 	0.0191473 	-0.00613844
1.26837 	0.00427004 	0.0192746 	-0.00620431
1.29324 	0.00427669 	0.0194064 	-0.00626714
1.3181 	0.00428237 	0.0195563 	-0.00633392
1.34387 	0.00428789 	0.0196735 	-0.00639693
1.36964 	0.00429216 	0.0198516 	-0.00646436
1.39635 	0.0042963 	0.0199803 	-0.00652755
1.42305 	0.00429898 	0.0201924 	-0.00659537
1.42685 	0.00429943 	0.0202082 	-0.00660379
1.43065 	0.00429987 	0.0202239 	-0.00661221
1.43275 	0.00430011 	0.0202326 	-0.00661685
1.45557 	0.00430168 	0.0203922 	-0.00667056
1.4784 	0.00430244 	0.0205998 	-0.00672661
1.48665 	0.00430284 	0.0206443 	-0.00674427
1.4949 	0.00430324 	0.0206887 	-0.00676193
1.52571 	0.00430248 	0.0209902 	-0.00683398
1.52571 	0.00430248 	0.0209902 	-0.00683398
1.53073 	0.00430231 	0.0210423 	-0.00684587
1.53073 	0.00430231 	0.0210423 	-0.00684587
1.53576 	0.00430214 	0.0210944 	-0.00685775
1.53576 	0.00430214 	0.0210944 	-0.00685775
1.56548 	0.00430074 	0.0213487 	-0.00692101
1.56548 	0.00430074 	0.0213487 	-0.00692101
1.5952 	0.00429774 	0.0216987 	-0.00698852
1.5952 	0.00429774 	0.0216987 	-0.00698852
1.60599 	0.00429668 	0.0217985 	-0.00701007
1.61678 	0.00429562 	0.0218983 	-0.00703161
1.62599 	0.0042941 	0.0220213 	-0.00705168
1.65679 	0.00428901 	0.0224324 	-0.00711874
