0 	0.000704344 	0 	-0.254324
0.00184056 	0.000729237 	1.05701e-06 	-0.254326
0.00368111 	0.000740441 	1.98385e-06 	-0.254328
0.00558849 	0.00115875 	7.24112e-06 	-0.254342
0.00749587 	0.00152682 	1.22055e-05 	-0.254355
0.00947248 	0.00211944 	2.44211e-05 	-0.254385
0.0114491 	0.00268943 	3.66772e-05 	-0.254415
0.0134975 	0.00298434 	5.52081e-05 	-0.254455
0.0155459 	0.00333013 	7.44979e-05 	-0.254494
0.0176687 	0.00353821 	9.92699e-05 	-0.254537
0.0197915 	0.00382208 	0.000124916 	-0.254577
0.0219913 	0.00410268 	0.000155553 	-0.25462
0.0241911 	0.00445589 	0.000186677 	-0.25466
0.0264709 	0.00484224 	0.000222279 	-0.254706
0.0287506 	0.00529111 	0.000257832 	-0.254749
0.031113 	0.00575955 	0.000295905 	-0.254801
0.0334755 	0.00628243 	0.000333442 	-0.25485
0.0359238 	0.00680178 	0.000371241 	-0.25491
0.038372 	0.00737058 	0.000408581 	-0.254967
0.0409092 	0.00791975 	0.000445574 	-0.255033
0.0434463 	0.00851509 	0.000482847 	-0.255098
0.0460755 	0.00908188 	0.000520218 	-0.255168
0.0487048 	0.00969211 	0.000558908 	-0.255238
0.0514296 	0.0102687 	0.000597973 	-0.255311
0.0541543 	0.0108862 	0.000639311 	-0.255383
0.0569779 	0.0114688 	0.000680917 	-0.255456
0.0598016 	0.0120903 	0.000725531 	-0.255528
0.0598016 	0.0120903 	0.000725531 	-0.255528
0.0627277 	0.0126787 	0.000770191 	-0.2556
0.0656539 	0.013305 	0.000818401 	-0.255671
0.0686863 	0.0139013 	0.000866219 	-0.25574
0.0717187 	0.0145353 	0.000917874 	-0.255809
0.0748612 	0.0151435 	0.000968676 	-0.255876
0.0780037 	0.0157896 	0.00102337 	-0.255942
0.0812603 	0.0164143 	0.00107683 	-0.256008
0.0845169 	0.0170772 	0.00113412 	-0.256072
0.0878917 	0.0177226 	0.00118975 	-0.256139
0.0912666 	0.0184062 	0.0012491 	-0.256204
0.0947639 	0.0190752 	0.00130647 	-0.256272
0.0982613 	0.0197824 	0.00136744 	-0.25634
0.101886 	0.0204766 	0.00142624 	-0.256414
0.10551 	0.0212086 	0.00148853 	-0.256488
0.109266 	0.021928 	0.00154852 	-0.256569
0.113022 	0.0226844 	0.00161194 	-0.256651
0.116914 	0.0234278 	0.00167293 	-0.256743
0.120806 	0.0242069 	0.00173733 	-0.256837
0.12484 	0.0249717 	0.00179918 	-0.256941
0.128874 	0.0257708 	0.00186441 	-0.257049
0.133054 	0.0265538 	0.00192695 	-0.257169
0.137234 	0.0273697 	0.00199286 	-0.257294
0.141565 	0.0281671 	0.00205586 	-0.257432
0.145897 	0.028996 	0.00212225 	-0.257578
0.150387 	0.0298039 	0.00218542 	-0.257735
0.154876 	0.0306422 	0.00225206 	-0.257905
0.159528 	0.0314568 	0.00231511 	-0.258085
0.16418 	0.032301 	0.00238171 	-0.25828
0.169001 	0.0331184 	0.00244439 	-0.258485
0.173822 	0.0339654 	0.00251069 	-0.258707
0.178818 	0.0347826 	0.00257275 	-0.258938
0.183814 	0.0356296 	0.00263847 	-0.25919
0.188991 	0.0364436 	0.00269969 	-0.259446
0.194169 	0.0372881 	0.00276453 	-0.259729
0.199535 	0.0380962 	0.00282467 	-0.260011
0.2049 	0.038936 	0.00288834 	-0.260324
0.21046 	0.0397357 	0.00294717 	-0.260632
0.21602 	0.0405689 	0.00300935 	-0.260976
0.221782 	0.0413581 	0.00306669 	-0.261307
0.227544 	0.042183 	0.00312715 	-0.26168
0.233515 	0.0429594 	0.00318294 	-0.262033
0.239487 	0.0437746 	0.00324152 	-0.262433
0.245675 	0.044536 	0.00329581 	-0.262805
0.251863 	0.0453398 	0.00335247 	-0.263229
0.258275 	0.0460839 	0.00340539 	-0.263616
0.264688 	0.0468748 	0.00346017 	-0.264061
0.271334 	0.047599 	0.00351198 	-0.264458
0.27798 	0.0483749 	0.00356501 	-0.264921
0.284866 	0.0490761 	0.00361617 	-0.265322
0.291753 	0.0498345 	0.00366781 	-0.265796
0.29889 	0.0505087 	0.00371887 	-0.266196
0.306027 	0.0512465 	0.00376956 	-0.266675
0.313423 	0.0518892 	0.00382124 	-0.267066
0.320819 	0.0526027 	0.00387166 	-0.267542
0.328484 	0.0532089 	0.00392495 	-0.267915
0.336148 	0.0538934 	0.00397611 	-0.268379
0.344091 	0.054457 	0.0040322 	-0.268724
0.352034 	0.0551069 	0.00408532 	-0.269167
0.360265 	0.0556214 	0.00414565 	-0.269472
0.368496 	0.0562302 	0.00420226 	-0.269882
0.368496 	0.0562302 	0.00420226 	-0.269882
0.377026 	0.0566876 	0.00426833 	-0.270136
0.385557 	0.0572474 	0.00433019 	-0.270501
0.386551 	0.057279 	0.00433892 	-0.27051
0.387546 	0.0573107 	0.00434765 	-0.270518
0.395391 	0.0576947 	0.00441117 	-0.270726
0.403236 	0.0581391 	0.00447228 	-0.270998
0.411881 	0.0584293 	0.00454966 	-0.271098
0.420526 	0.0588355 	0.00462298 	-0.271319
0.421042 	0.0588597 	0.00462735 	-0.271332
0.421557 	0.0588839 	0.00463172 	-0.271345
0.43105 	0.0591115 	0.00472305 	-0.271367
0.440544 	0.0594599 	0.00481143 	-0.271515
0.450382 	0.0595903 	0.00491235 	-0.271432
0.46022 	0.0598448 	0.00501253 	-0.271478
0.470415 	0.0598682 	0.00512149 	-0.271278
0.48061 	0.0600165 	0.00523358 	-0.271209
0.491175 	0.0599242 	0.00534786 	-0.27088
0.501741 	0.0599539 	0.00547078 	-0.270682
0.51269 	0.0597374 	0.00558626 	-0.270212
0.523639 	0.0596348 	0.00571617 	-0.269873
0.534985 	0.0592861 	0.00582605 	-0.269251
0.546332 	0.0590374 	0.0059554 	-0.268758
0.55809 	0.0585493 	0.00605215 	-0.267975
0.569849 	0.0581431 	0.0061728 	-0.267316
0.582034 	0.0575081 	0.00624784 	-0.266366
0.594219 	0.0569348 	0.00635003 	-0.265533
0.606847 	0.0561451 	0.00639516 	-0.264413
0.619475 	0.0553947 	0.00646645 	-0.2634
0.632561 	0.0544451 	0.00647833 	-0.262111
0.645647 	0.0535108 	0.0065118 	-0.260917
0.659208 	0.0523982 	0.00648836 	-0.259459
0.67277 	0.0512759 	0.00648132 	-0.258086
0.686823 	0.0499985 	0.0064214 	-0.256458
0.700877 	0.0486847 	0.0063717 	-0.254905
0.715441 	0.0472459 	0.00627738 	-0.253102
0.730005 	0.0457421 	0.00618619 	-0.251367
0.745097 	0.0441537 	0.00606105 	-0.249384
0.76019 	0.0424696 	0.00593236 	-0.247459
0.775831 	0.040755 	0.00578103 	-0.24529
0.791472 	0.0389119 	0.00562079 	-0.243168
0.80768 	0.037105 	0.00544813 	-0.240811
0.823889 	0.0351361 	0.00526195 	-0.238489
0.840686 	0.0332807 	0.00507311 	-0.235946
0.857483 	0.0312326 	0.00486631 	-0.233425
0.87489 	0.0293872 	0.00466914 	-0.2307
0.892297 	0.0273228 	0.0044496 	-0.227985
0.910336 	0.0255529 	0.00425417 	-0.225081
0.928375 	0.0235421 	0.0040318 	-0.222176
0.947068 	0.0219061 	0.0038484 	-0.219095
0.965762 	0.0200143 	0.00363332 	-0.215998
0.985136 	0.0185644 	0.00347233 	-0.212744
1.00451 	0.016857 	0.00327564 	-0.209457
1.02459 	0.0156318 	0.00314759 	-0.206032
1.04466 	0.0141622 	0.00298089 	-0.202559
1.04466 	0.0141622 	0.00298089 	-0.202559
1.06547 	0.0131718 	0.00289582 	-0.198961
1.08627 	0.0119598 	0.00276916 	-0.195304
1.10783 	0.011185 	0.0027361 	-0.191523
1.12939 	0.010217 	0.0026579 	-0.187669
1.15173 	0.00961705 	0.00268958 	-0.183686
1.17408 	0.00885116 	0.00267013 	-0.17961
1.19723 	0.00838424 	0.0027931 	-0.175399
1.22038 	0.00777068 	0.00285483 	-0.171064
1.24438 	0.00741245 	0.00311175 	-0.16662
1.26837 	0.00692553 	0.0032998 	-0.16201
1.29324 	0.0066695 	0.00367884 	-0.157364
1.3181 	0.00631487 	0.00405557 	-0.152501
1.34387 	0.00615236 	0.00438628 	-0.147763
1.36964 	0.00593167 	0.00484569 	-0.14276
1.39634 	0.00583294 	0.00486918 	-0.138099
1.42305 	0.00571212 	0.00505854 	-0.13315
1.45073 	0.00563243 	0.00478552 	-0.128667
1.4784 	0.00555006 	0.00453974 	-0.123913
1.50708 	0.00546109 	0.00432724 	-0.119617
1.53576 	0.00537301 	0.00403579 	-0.115081
1.56548 	0.00527489 	0.00406753 	-0.110979
1.5952 	0.00517498 	0.00405156 	-0.106656
1.626 	0.00508048 	0.00422112 	-0.102784
1.65679 	0.0049817 	0.0043798 	-0.0987093
1.68871 	0.00490052 	0.00458354 	-0.0950924
1.72063 	0.00481532 	0.00479102 	-0.0912936
1.75371 	0.0047476 	0.0050014 	-0.0879279
1.78678 	0.0046773 	0.00521494 	-0.0844006
1.82106 	0.00461991 	0.00544593 	-0.0812805
1.85533 	0.004561 	0.00567811 	-0.0780174
1.89086 	0.0045123 	0.00591089 	-0.0751269
1.92638 	0.00446272 	0.00614193 	-0.0721084
1.96319 	0.0044201 	0.00636913 	-0.0694565
2 	0.00437682 	0.00659029 	-0.0666901
