0 	0.0581552 	8.80523e-05 	-0.0167881
0 	0.0581552 	8.80523e-05 	-0.0167881
0.00184056 	0.0950631 	0.000301359 	-0.0285768
0.00184056 	0.0950631 	0.000301359 	-0.0285768
0.00368111 	0.131971 	0.000514665 	-0.0403656
0.00368111 	0.131971 	0.000514665 	-0.0403656
0.00558849 	0.195042 	0.00108507 	-0.0611563
0.00558849 	0.195042 	0.00108507 	-0.0611563
0.00749587 	0.258112 	0.00165547 	-0.0819469
0.00749587 	0.258112 	0.00165547 	-0.0819469
0.0094725 	0.30792 	0.00241092 	-0.098648
0.0094725 	0.30792 	0.00241092 	-0.098648
0.0114491 	0.357728 	0.00316637 	-0.115349
0.0114491 	0.357728 	0.00316637 	-0.115349
0.0134975 	0.390855 	0.00392805 	-0.126112
0.0134975 	0.390855 	0.00392805 	-0.126112
0.0155459 	0.423982 	0.00468973 	-0.136875
0.0155459 	0.423982 	0.00468973 	-0.136875
0.0176687 	0.445511 	0.00539554 	-0.14339
0.0176687 	0.445511 	0.00539554 	-0.14339
0.0197915 	0.467041 	0.00610136 	-0.149906
0.0197915 	0.467041 	0.00610136 	-0.149906
0.0219913 	0.481536 	0.00674239 	-0.153826
0.0219913 	0.481536 	0.00674239 	-0.153826
0.0241911 	0.496032 	0.00738342 	-0.157747
0.0241911 	0.496032 	0.00738342 	-0.157747
0.0264709 	0.506134 	0.00796066 	-0.160065
0.0264709 	0.506134 	0.00796066 	-0.160065
0.0287506 	0.516236 	0.0085379 	-0.162384
0.0287506 	0.516236 	0.0085379 	-0.162384
0.031113 	0.523483 	0.00905982 	-0.163685
0.031113 	0.523483 	0.00905982 	-0.163685
0.0334755 	0.53073 	0.00958173 	-0.164986
0.0334755 	0.53073 	0.00958173 	-0.164986
0.0359238 	0.536062 	0.0100587 	-0.16562
0.0359238 	0.536062 	0.0100587 	-0.16562
0.038372 	0.541395 	0.0105357 	-0.166255
0.038372 	0.541395 	0.0105357 	-0.166255
0.0409092 	0.545405 	0.0109774 	-0.166436
0.0409092 	0.545405 	0.0109774 	-0.166436
0.0434463 	0.549415 	0.0114191 	-0.166617
0.0434463 	0.549415 	0.0114191 	-0.166617
0.0460756 	0.552483 	0.0118335 	-0.166477
0.0460756 	0.552483 	0.0118335 	-0.166477
0.0487048 	0.55555 	0.0122479 	-0.166337
0.0487048 	0.55555 	0.0122479 	-0.166337
0.0514296 	0.557924 	0.0126417 	-0.165959
0.0514296 	0.557924 	0.0126417 	-0.165959
0.0541543 	0.560299 	0.0130354 	-0.165582
0.0541543 	0.560299 	0.0130354 	-0.165582
0.0569779 	0.56215 	0.0134138 	-0.165019
0.0598016 	0.564001 	0.0137922 	-0.164456
0.0627277 	0.565444 	0.0141598 	-0.163743
0.0656539 	0.566888 	0.0145274 	-0.163029
0.0686863 	0.568006 	0.0148876 	-0.162188
0.0717187 	0.569125 	0.0152479 	-0.161346
0.0748612 	0.569978 	0.0156039 	-0.160392
0.0780037 	0.570831 	0.0159598 	-0.159437
0.0812603 	0.571462 	0.016314 	-0.158377
0.0845169 	0.572092 	0.0166682 	-0.157318
0.0878917 	0.572533 	0.0170229 	-0.15616
0.0912666 	0.572974 	0.0173776 	-0.155002
0.0947639 	0.573249 	0.0177347 	-0.153747
0.0982613 	0.573524 	0.0180918 	-0.152493
0.101886 	0.573652 	0.0184532 	-0.151144
0.10551 	0.57378 	0.0188146 	-0.149794
0.109266 	0.573775 	0.019182 	-0.148348
0.113022 	0.573771 	0.0195493 	-0.146903
0.116914 	0.573645 	0.019924 	-0.145359
0.120806 	0.573519 	0.0202988 	-0.143815
0.12484 	0.57328 	0.0206824 	-0.14217
0.128874 	0.573041 	0.0210661 	-0.140524
0.133054 	0.572697 	0.02146 	-0.138774
0.137234 	0.572353 	0.0218539 	-0.137023
0.141566 	0.571908 	0.0222593 	-0.135162
0.145897 	0.571464 	0.0226647 	-0.133301
0.150387 	0.570924 	0.0230828 	-0.131324
0.154876 	0.570385 	0.0235009 	-0.129347
0.159528 	0.569754 	0.0239328 	-0.127249
0.16418 	0.569122 	0.0243647 	-0.12515
0.169001 	0.568404 	0.0248114 	-0.122924
0.173822 	0.567685 	0.025258 	-0.120697
0.178818 	0.566882 	0.0257203 	-0.118335
0.183814 	0.566079 	0.0261825 	-0.115974
0.188991 	0.565195 	0.026661 	-0.113469
0.194169 	0.564312 	0.0271395 	-0.110965
0.199534 	0.563352 	0.0276348 	-0.10831
0.2049 	0.562392 	0.0281301 	-0.105656
0.21046 	0.561362 	0.0286425 	-0.102843
0.21602 	0.560331 	0.0291549 	-0.10003
0.221782 	0.559235 	0.0296844 	-0.097051
0.227544 	0.55814 	0.0302139 	-0.0940718
0.233515 	0.556987 	0.0307602 	-0.0909179
0.239487 	0.555835 	0.0313064 	-0.087764
0.245675 	0.554635 	0.0318689 	-0.0844272
0.251863 	0.553436 	0.0324314 	-0.0810903
0.258276 	0.552203 	0.0330091 	-0.0775625
0.264688 	0.550969 	0.0335869 	-0.0740347
0.271334 	0.549717 	0.0341785 	-0.0703082
0.27798 	0.548465 	0.0347701 	-0.0665818
0.278953 	0.548288 	0.0348555 	-0.0660258
0.279927 	0.548111 	0.0349409 	-0.0654698
0.28584 	0.547037 	0.0354593 	-0.0620936
0.291753 	0.545963 	0.0359778 	-0.0587174
0.297881 	0.544911 	0.0365046 	-0.0551591
0.304009 	0.543859 	0.0370315 	-0.0516009
0.305018 	0.543686 	0.0371182 	-0.0510149
0.306027 	0.543512 	0.037205 	-0.0504289
0.313423 	0.542343 	0.0378255 	-0.0460675
0.320819 	0.541174 	0.038446 	-0.0417061
0.328484 	0.540098 	0.0390701 	-0.0371246
0.336148 	0.539021 	0.0396943 	-0.0325431
0.344091 	0.538083 	0.0403182 	-0.0277411
0.352034 	0.537144 	0.0409421 	-0.0229391
0.360265 	0.536397 	0.0415611 	-0.0179189
0.368496 	0.535649 	0.04218 	-0.0128987
0.368496 	0.535649 	0.04218 	-0.0128987
0.377026 	0.535157 	0.0427886 	-0.00766563
0.377026 	0.535157 	0.0427886 	-0.00766563
0.385557 	0.534664 	0.0433972 	-0.00243257
0.385557 	0.534664 	0.0433972 	-0.00243257
0.394396 	0.534503 	0.0439892 	0.00300505
0.403236 	0.534342 	0.0445811 	0.00844267
0.412287 	0.534601 	0.0451425 	0.0140059
0.421337 	0.53486 	0.0457038 	0.0195692
0.421447 	0.534863 	0.0457106 	0.0196368
0.421557 	0.534867 	0.0457175 	0.0197045
0.431051 	0.535668 	0.046254 	0.025515
0.440544 	0.536469 	0.0467905 	0.0313256
0.450382 	0.537953 	0.0472873 	0.0373
0.46022 	0.539437 	0.0477842 	0.0432744
0.470415 	0.541786 	0.0482331 	0.0493933
0.48061 	0.544136 	0.0486821 	0.0555123
0.491176 	0.547579 	0.0490744 	0.0617474
0.501741 	0.551022 	0.0494666 	0.0679826
0.51269 	0.555827 	0.0497912 	0.0742874
0.523639 	0.560632 	0.0501157 	0.0805922
0.534985 	0.56708 	0.0503589 	0.0868949
0.546332 	0.573528 	0.0506021 	0.0931977
0.55809 	0.58189 	0.0507518 	0.0994112
0.569849 	0.590252 	0.0509016 	0.105625
0.582034 	0.600821 	0.050953 	0.111667
0.594219 	0.611389 	0.0510044 	0.117709
0.606847 	0.624496 	0.0509558 	0.123497
0.619475 	0.637603 	0.0509071 	0.129286
0.632561 	0.65347 	0.0507459 	0.134697
0.645647 	0.669337 	0.0505847 	0.140108
0.659208 	0.68776 	0.0502796 	0.144965
0.67277 	0.706183 	0.0499746 	0.149823
0.686823 	0.726333 	0.0494878 	0.153959
0.700877 	0.746483 	0.0490009 	0.158096
0.715441 	0.767135 	0.0483101 	0.161429
0.730005 	0.787786 	0.0476193 	0.164762
0.745098 	0.807893 	0.046728 	0.167301
0.76019 	0.828001 	0.0458366 	0.16984
0.775831 	0.847031 	0.0447603 	0.171618
0.791472 	0.866061 	0.0436841 	0.173396
0.80768 	0.883841 	0.0424344 	0.17442
0.823889 	0.90162 	0.0411848 	0.175444
0.840686 	0.918008 	0.0397675 	0.175712
0.857483 	0.934396 	0.0383503 	0.175979
0.87489 	0.949115 	0.036778 	0.175519
0.892297 	0.963835 	0.0352057 	0.175059
0.910336 	0.976561 	0.0335114 	0.173965
0.928375 	0.989286 	0.0318172 	0.17287
0.947068 	0.999808 	0.0300563 	0.171296
0.965762 	1.01033 	0.0282955 	0.169722
0.985135 	1.01862 	0.0265397 	0.167861
1.00451 	1.02691 	0.024784 	0.165999
1.02458 	1.03312 	0.0231099 	0.164044
1.04466 	1.03933 	0.0214358 	0.162089
1.06546 	1.04375 	0.0199061 	0.160208
1.08627 	1.04816 	0.0183765 	0.158327
1.10783 	1.05114 	0.017022 	0.156635
1.12939 	1.05413 	0.0156675 	0.154943
1.15173 	1.05603 	0.0144836 	0.15348
1.17408 	1.05794 	0.0132997 	0.152018
1.19723 	1.05909 	0.0122589 	0.150765
1.22038 	1.06023 	0.0112181 	0.149512
1.24438 	1.06082 	0.0102887 	0.148419
1.26837 	1.06142 	0.0093593 	0.147326
1.29324 	1.06162 	0.00851983 	0.146346
1.3181 	1.06182 	0.00768036 	0.145366
1.34387 	1.06172 	0.00691891 	0.144464
1.36964 	1.06162 	0.00615746 	0.143562
1.39635 	1.06131 	0.00546509 	0.142713
1.42305 	1.06099 	0.00477272 	0.141863
1.42305 	1.06099 	0.00477272 	0.141863
1.45073 	1.06051 	0.00414119 	0.141039
1.4784 	1.06003 	0.00350966 	0.140216
1.4784 	1.06003 	0.00350966 	0.140216
1.50708 	1.05943 	0.00293376 	0.139394
1.50708 	1.05943 	0.00293376 	0.139394
1.53576 	1.05883 	0.00235786 	0.138572
1.53576 	1.05883 	0.00235786 	0.138572
1.56548 	1.05814 	0.0018361 	0.137738
1.56548 	1.05814 	0.0018361 	0.137738
1.5952 	1.05744 	0.00131434 	0.136904
1.5952 	1.05744 	0.00131434 	0.136904
1.626 	1.05667 	0.0008458 	0.136055
1.626 	1.05667 	0.0008458 	0.136055
1.65679 	1.0559 	0.000377258 	0.135206
1.65679 	1.0559 	0.000377258 	0.135206
1.68871 	1.05508 	-3.78013e-05 	0.134349
1.72063 	1.05425 	-0.000452861 	0.133493
1.75371 	1.05338 	-0.000811597 	0.132649
1.78678 	1.05252 	-0.00117033 	0.131806
1.82106 	1.05162 	-0.00147099 	0.130996
1.85533 	1.05073 	-0.00177165 	0.130186
1.89086 	1.04982 	-0.00201531 	0.129418
1.92638 	1.04891 	-0.00225896 	0.128649
1.96319 	1.04799 	-0.00244833 	0.127925
2 	1.04707 	-0.0026377 	0.127201
