0 	0 	0 	0
0.00184056 	0.041288 	0.000357101 	0.0263852
0.00368111 	0.082576 	0.000714202 	0.0527704
0.00558849 	0.152167 	0.00160728 	0.0759814
0.00749587 	0.221759 	0.00250036 	0.0991923
0.00947248 	0.294909 	0.00385703 	0.117698
0.0114491 	0.368058 	0.0052137 	0.136204
0.0134975 	0.43122 	0.00681917 	0.1506
0.0155459 	0.494381 	0.00842464 	0.164996
0.0176687 	0.547061 	0.0101517 	0.176692
0.0197915 	0.59974 	0.0118787 	0.188387
0.0219913 	0.641615 	0.0135463 	0.19771
0.0241911 	0.683491 	0.0152139 	0.207032
0.0264709 	0.714187 	0.0166699 	0.213978
0.0287506 	0.744883 	0.0181259 	0.220923
0.031113 	0.765457 	0.0192998 	0.225646
0.0334755 	0.786031 	0.0204737 	0.230369
0.0359238 	0.798651 	0.021372 	0.233278
0.038372 	0.811271 	0.0222703 	0.236186
0.0409092 	0.818666 	0.0229644 	0.237904
0.0434463 	0.826061 	0.0236584 	0.239622
0.0460755 	0.830545 	0.0242332 	0.240673
0.0487048 	0.835029 	0.024808 	0.241724
0.0514296 	0.837917 	0.0253194 	0.242405
0.0541543 	0.840806 	0.0258309 	0.243086
0.0569779 	0.842753 	0.0263058 	0.243546
0.0598016 	0.844701 	0.0267806 	0.244006
0.0627277 	0.846069 	0.0272307 	0.244331
0.0656539 	0.847437 	0.0276808 	0.244655
0.0686863 	0.84846 	0.0281178 	0.244899
0.0717187 	0.849483 	0.0285548 	0.245142
0.0748612 	0.850304 	0.0289879 	0.245339
0.0780037 	0.851125 	0.029421 	0.245535
0.0812603 	0.851817 	0.0298515 	0.245701
0.0845169 	0.852508 	0.0302819 	0.245867
0.0878918 	0.853103 	0.0307106 	0.24601
0.0912666 	0.853698 	0.0311393 	0.246153
0.0947639 	0.854218 	0.031569 	0.246279
0.0982613 	0.854738 	0.0319987 	0.246405
0.0982613 	0.854738 	0.0319987 	0.246405
0.101886 	0.855197 	0.0324311 	0.246516
0.10551 	0.855656 	0.0328635 	0.246628
0.10551 	0.855656 	0.0328635 	0.246628
0.10551 	0.85576 	0.0328385 	0.245805
0.10551 	0.855863 	0.0328136 	0.244982
0.109266 	0.856064 	0.0332995 	0.246727
0.113022 	0.856472 	0.0337355 	0.246826
0.113022 	0.856472 	0.0337355 	0.246826
0.116914 	0.856837 	0.0341758 	0.246914
0.116914 	0.856837 	0.0341758 	0.246914
0.120806 	0.857202 	0.034616 	0.247002
0.120806 	0.857202 	0.034616 	0.247002
0.12484 	0.857529 	0.0350613 	0.247081
0.128874 	0.857857 	0.0355066 	0.24716
0.133054 	0.858152 	0.0359575 	0.247231
0.137234 	0.858448 	0.0364083 	0.247302
0.141566 	0.858716 	0.0368653 	0.247366
0.145897 	0.858983 	0.0373223 	0.24743
0.150387 	0.859227 	0.037786 	0.247489
0.154876 	0.85947 	0.0382496 	0.247548
0.159528 	0.859693 	0.0387205 	0.247602
0.16418 	0.859915 	0.0391913 	0.247656
0.169001 	0.860119 	0.0396698 	0.247706
0.173822 	0.860323 	0.0401482 	0.247756
0.178818 	0.86051 	0.0406347 	0.247802
0.183814 	0.860698 	0.0411213 	0.247849
0.188992 	0.860871 	0.0416164 	0.247892
0.194169 	0.861045 	0.0421114 	0.247936
0.199535 	0.861207 	0.0426156 	0.247977
0.2049 	0.861368 	0.0431197 	0.248018
0.21046 	0.86152 	0.0436335 	0.248057
0.21602 	0.861672 	0.0441473 	0.248095
0.21602 	0.861672 	0.0441473 	0.248095
0.221782 	0.861815 	0.0446712 	0.248132
0.227544 	0.861958 	0.0451951 	0.248169
0.233516 	0.862095 	0.0457298 	0.248204
0.239487 	0.862232 	0.0462645 	0.24824
0.245675 	0.862364 	0.0468106 	0.248273
0.251863 	0.862496 	0.0473567 	0.248307
0.258275 	0.862624 	0.0479148 	0.24834
0.264688 	0.862753 	0.0484729 	0.248372
0.271334 	0.862881 	0.0490437 	0.248404
0.27798 	0.863009 	0.0496145 	0.248436
0.284867 	0.863137 	0.0501988 	0.248467
0.291753 	0.863265 	0.0507832 	0.248498
0.29889 	0.863396 	0.0513816 	0.248528
0.306027 	0.863526 	0.0519801 	0.248559
0.313423 	0.863662 	0.0525936 	0.248589
0.320819 	0.863797 	0.0532071 	0.248619
0.328484 	0.863939 	0.0538364 	0.24865
0.336148 	0.864082 	0.0544657 	0.24868
0.344091 	0.864234 	0.0551117 	0.248711
0.352034 	0.864387 	0.0557577 	0.248742
0.360265 	0.864552 	0.0564213 	0.248773
0.368496 	0.864717 	0.0570849 	0.248805
0.377026 	0.864899 	0.057767 	0.248838
0.385557 	0.865081 	0.0584492 	0.24887
0.394396 	0.865283 	0.0591508 	0.248904
0.403236 	0.865486 	0.0598523 	0.248938
0.412396 	0.865713 	0.0605743 	0.248974
0.421557 	0.86594 	0.0612963 	0.24901
0.431051 	0.866197 	0.0620396 	0.249048
0.440544 	0.866454 	0.0627829 	0.249086
0.450382 	0.866745 	0.0635484 	0.249126
0.46022 	0.867036 	0.0643138 	0.249167
0.470415 	0.867366 	0.065102 	0.24921
0.48061 	0.867696 	0.0658903 	0.249253
0.491175 	0.868071 	0.0667017 	0.2493
0.501741 	0.868445 	0.0675131 	0.249346
0.51269 	0.868868 	0.0683479 	0.249396
0.523639 	0.869291 	0.0691826 	0.249446
0.534986 	0.869768 	0.0700404 	0.249499
0.546332 	0.870244 	0.0708982 	0.249552
0.558091 	0.870778 	0.0717783 	0.249609
0.569849 	0.871312 	0.0726583 	0.249666
0.582034 	0.871909 	0.0735592 	0.249727
0.594219 	0.872505 	0.0744601 	0.249788
0.606847 	0.873168 	0.0753798 	0.249852
0.619475 	0.87383 	0.0762994 	0.249916
0.632561 	0.874564 	0.077235 	0.249985
0.645647 	0.875297 	0.0781706 	0.250053
0.659208 	0.876106 	0.0791184 	0.250125
0.67277 	0.876915 	0.0800662 	0.250197
0.67277 	0.876915 	0.0800662 	0.250197
0.686824 	0.877804 	0.0810215 	0.250273
0.686824 	0.877804 	0.0810215 	0.250273
0.700877 	0.878693 	0.0819768 	0.250348
0.700877 	0.878693 	0.0819768 	0.250348
0.715441 	0.879667 	0.082934 	0.250428
0.730005 	0.880642 	0.0838911 	0.250508
0.745097 	0.881706 	0.0848433 	0.250592
0.76019 	0.88277 	0.0857955 	0.250676
0.775831 	0.883928 	0.0867346 	0.250764
0.791472 	0.885086 	0.0876738 	0.250852
0.807681 	0.886342 	0.0885906 	0.250945
0.823889 	0.887599 	0.0895074 	0.251038
0.840686 	0.888957 	0.0903911 	0.251135
0.857483 	0.890315 	0.0912748 	0.251233
0.87489 	0.891777 	0.0921135 	0.251336
0.892297 	0.893239 	0.0929522 	0.251438
0.910336 	0.894806 	0.0937326 	0.251546
0.928375 	0.896373 	0.094513 	0.251654
0.947068 	0.898045 	0.0952204 	0.251768
0.965762 	0.899717 	0.0959278 	0.251881
0.985136 	0.901491 	0.0965469 	0.252001
1.00451 	0.903265 	0.097166 	0.25212
1.02459 	0.905135 	0.0976807 	0.252245
1.04466 	0.907005 	0.0981954 	0.252371
1.06547 	0.908964 	0.0985896 	0.252502
1.08627 	0.910923 	0.0989838 	0.252633
1.10783 	0.912961 	0.0992415 	0.25277
1.12939 	0.914999 	0.0994991 	0.252907
1.15173 	0.917102 	0.099605 	0.25305
1.17408 	0.919205 	0.0997109 	0.253193
1.19723 	0.921356 	0.0996514 	0.253342
1.22038 	0.923508 	0.099592 	0.25349
1.22038 	0.923508 	0.099592 	0.25349
1.24438 	0.925689 	0.0993571 	0.253643
1.26837 	0.92787 	0.0991223 	0.253797
1.29324 	0.930067 	0.0987042 	0.253955
1.3181 	0.932265 	0.0982862 	0.254113
1.3181 	0.932265 	0.0982862 	0.254113
1.34387 	0.934461 	0.0976768 	0.254275
1.34387 	0.934461 	0.0976768 	0.254275
1.36964 	0.936657 	0.0970674 	0.254438
1.36964 	0.936657 	0.0970674 	0.254438
1.39634 	0.938825 	0.09626 	0.254604
1.42305 	0.940993 	0.0954526 	0.254769
1.45072 	0.943123 	0.0944439 	0.254938
1.4784 	0.945252 	0.0934353 	0.255106
1.50708 	0.947313 	0.0922345 	0.255275
1.53576 	0.949375 	0.0910337 	0.255445
1.56548 	0.951318 	0.0896596 	0.255614
1.5952 	0.95326 	0.0882855 	0.255783
1.62599 	0.955044 	0.0867601 	0.255951
1.65679 	0.956828 	0.0852347 	0.256119
1.68871 	0.958444 	0.0835756 	0.256285
1.72063 	0.960059 	0.0819165 	0.256452
1.7537 	0.961522 	0.0801392 	0.256615
1.78678 	0.962985 	0.0783618 	0.256779
1.82105 	0.964321 	0.0764686 	0.256939
1.85533 	0.965656 	0.0745754 	0.257098
1.85533 	0.965656 	0.0745754 	0.257098
1.89085 	0.9668 	0.0723436 	0.257254
1.89085 	0.9668 	0.0723436 	0.257254
1.92638 	0.967943 	0.0701117 	0.25741
1.92638 	0.967943 	0.0701117 	0.25741
1.96319 	0.968732 	0.0687221 	0.25749
1.96319 	0.968732 	0.0687221 	0.25749
2 	0.969521 	0.0673325 	0.257571
2 	0.969521 	0.0673325 	0.257571
