0 	0 	0 	0
0.00184055 	0.0738928 	0.000168741 	-0.0280523
0.00368111 	0.148333 	0.000359697 	-0.05849
0.00558849 	0.215463 	0.00067821 	-0.082903
0.00749587 	0.282375 	0.00103146 	-0.109204
0.00947248 	0.331014 	0.00137809 	-0.125625
0.0114491 	0.378591 	0.00175401 	-0.143015
0.0134975 	0.407755 	0.00204365 	-0.151775
0.0155459 	0.435554 	0.00234983 	-0.160822
0.0176687 	0.452878 	0.00257289 	-0.165227
0.0197915 	0.46902 	0.00280326 	-0.169669
0.0219913 	0.479962 	0.0029745 	-0.171859
0.0241911 	0.490007 	0.00314804 	-0.174025
0.0264709 	0.497365 	0.0032801 	-0.175035
0.0287506 	0.504065 	0.00341164 	-0.176012
0.031113 	0.509281 	0.00351513 	-0.176348
0.0334755 	0.514013 	0.00361612 	-0.176651
0.0359238 	0.517869 	0.00369885 	-0.176569
0.038372 	0.521364 	0.00377772 	-0.176457
0.0409092 	0.52431 	0.00384519 	-0.176098
0.0434463 	0.52698 	0.00390781 	-0.175709
0.0460755 	0.529288 	0.00396405 	-0.175153
0.0487048 	0.531381 	0.00401463 	-0.174566
0.0514295 	0.533223 	0.00406266 	-0.17386
0.0541543 	0.534894 	0.00410434 	-0.173121
0.0569779 	0.536385 	0.00414653 	-0.172294
0.0598016 	0.537736 	0.00418177 	-0.171432
0.0627277 	0.538954 	0.00422003 	-0.170502
0.0656539 	0.540056 	0.00425082 	-0.169534
0.0686863 	0.541056 	0.00428677 	-0.168514
0.0717187 	0.541959 	0.0043148 	-0.167451
0.0748612 	0.542781 	0.00434985 	-0.166346
0.0780037 	0.543521 	0.00437658 	-0.165194
0.0812603 	0.544195 	0.00441202 	-0.164007
0.0845169 	0.544799 	0.00443879 	-0.16277
0.0856169 	0.544989 	0.00445242 	-0.162367
0.0867169 	0.545178 	0.00446605 	-0.161964
0.0889918 	0.545507 	0.00448497 	-0.161074
0.0912666 	0.545836 	0.00450389 	-0.160183
0.0947639 	0.546277 	0.00454367 	-0.158837
0.0982613 	0.546664 	0.00457423 	-0.157431
0.0994426 	0.546785 	0.00459011 	-0.156977
0.100624 	0.546906 	0.00460598 	-0.156523
0.103067 	0.547108 	0.00462906 	-0.155517
0.10551 	0.54731 	0.00465213 	-0.15451
0.109266 	0.547572 	0.00470081 	-0.152998
0.113022 	0.547793 	0.00473989 	-0.151416
0.116914 	0.54798 	0.00479471 	-0.149816
0.120806 	0.54813 	0.00483982 	-0.14814
0.12484 	0.54825 	0.00490195 	-0.146448
0.128874 	0.548336 	0.00495428 	-0.144673
0.133054 	0.548394 	0.00502487 	-0.142883
0.137234 	0.548421 	0.00508562 	-0.141005
0.141566 	0.548423 	0.00516585 	-0.139112
0.145897 	0.548397 	0.00523624 	-0.137124
0.150387 	0.548347 	0.00532728 	-0.135121
0.154876 	0.548273 	0.00540855 	-0.133016
0.159528 	0.548177 	0.00551158 	-0.130896
0.16418 	0.548058 	0.00560496 	-0.128666
0.169001 	0.54792 	0.00572112 	-0.126422
0.173822 	0.547762 	0.00582782 	-0.124059
0.178818 	0.547588 	0.00595822 	-0.121683
0.183814 	0.547396 	0.0060794 	-0.119178
0.188992 	0.547191 	0.00622507 	-0.116661
0.194169 	0.54697 	0.00636185 	-0.114005
0.199535 	0.546742 	0.00652375 	-0.111339
0.2049 	0.546499 	0.00667716 	-0.108521
0.2049 	0.546499 	0.00667716 	-0.108521
0.21046 	0.546255 	0.0068561 	-0.105695
0.21602 	0.545998 	0.00702706 	-0.102707
0.221782 	0.545747 	0.00722372 	-0.0997124
0.227544 	0.545486 	0.00741294 	-0.0965417
0.228553 	0.545445 	0.00744986 	-0.0960228
0.229562 	0.545404 	0.00748678 	-0.0955038
0.234525 	0.545198 	0.00766293 	-0.0928006
0.239487 	0.544987 	0.0078358 	-0.0900056
0.243587 	0.544838 	0.00799243 	-0.0878487
0.247686 	0.544685 	0.00814289 	-0.0854859
0.249775 	0.544607 	0.00821953 	-0.0842822
0.251863 	0.544529 	0.00829618 	-0.0830786
0.258275 	0.544339 	0.00854791 	-0.0795207
0.264688 	0.544149 	0.00879414 	-0.0757407
0.271334 	0.544016 	0.00906403 	-0.0719767
0.27798 	0.543887 	0.00932902 	-0.0679732
0.284867 	0.543838 	0.00961642 	-0.0639948
0.291753 	0.543799 	0.00989939 	-0.0597585
0.29889 	0.543865 	0.0102033 	-0.0555584
0.306027 	0.543947 	0.0105032 	-0.051081
0.313423 	0.544166 	0.0108224 	-0.0466527
0.320819 	0.544411 	0.0111376 	-0.0419273
0.328484 	0.54483 	0.0114704 	-0.0372661
0.336148 	0.545286 	0.0117991 	-0.0322874
0.344091 	0.545961 	0.0121437 	-0.0273904
0.352034 	0.546686 	0.0124837 	-0.0221555
0.360265 	0.547686 	0.012838 	-0.0170223
0.368496 	0.548752 	0.0131872 	-0.011531
0.377026 	0.550159 	0.0135491 	-0.00616391
0.385557 	0.551652 	0.0139053 	-0.000419184
0.394396 	0.553564 	0.014273 	0.00517547
0.403236 	0.555589 	0.0146343 	0.0111658
0.412397 	0.558122 	0.0150061 	0.0169767
0.421557 	0.560802 	0.0153709 	0.0231989
0.431051 	0.564095 	0.0157454 	0.0292074
0.440544 	0.567574 	0.0161125 	0.035639
0.450382 	0.571781 	0.0164886 	0.041816
0.46022 	0.57622 	0.016857 	0.048422
0.470415 	0.581509 	0.0172338 	0.0547247
0.48061 	0.587085 	0.0176035 	0.0614546
0.484176 	0.589233 	0.0177319 	0.0635297
0.487742 	0.591393 	0.0178602 	0.0656195
0.494741 	0.595967 	0.0181075 	0.0701169
0.501741 	0.600541 	0.0183549 	0.0746143
0.51269 	0.608542 	0.018737 	0.0809822
0.523639 	0.616974 	0.0191192 	0.0877466
0.531156 	0.623178 	0.0193754 	0.0917824
0.538673 	0.62988 	0.019636 	0.0961718
0.542503 	0.633294 	0.0197688 	0.0984079
0.546332 	0.636708 	0.0199015 	0.100644
0.546332 	0.636708 	0.0199015 	0.100644
0.558091 	0.648012 	0.0202927 	0.10669
0.569849 	0.659807 	0.0206856 	0.11301
0.582034 	0.672669 	0.0210581 	0.118665
0.594219 	0.685889 	0.0214184 	0.124476
0.598335 	0.69046 	0.021528 	0.126131
0.602451 	0.695032 	0.0216376 	0.127786
0.610963 	0.704613 	0.0218279 	0.131237
0.619475 	0.714193 	0.0220182 	0.134688
0.628151 	0.724104 	0.0221849 	0.13763
0.636826 	0.733886 	0.0222917 	0.140485
0.641237 	0.738859 	0.0223459 	0.141937
0.645647 	0.743832 	0.0224002 	0.143389
0.652353 	0.751447 	0.022465 	0.145219
0.659058 	0.75889 	0.0224873 	0.146958
0.665914 	0.766417 	0.0224899 	0.148693
0.67277 	0.773944 	0.0224924 	0.150428
0.686823 	0.789071 	0.0224166 	0.153209
0.700877 	0.803699 	0.0222386 	0.155744
0.715441 	0.818314 	0.0219798 	0.157703
0.730005 	0.832301 	0.0216015 	0.159368
0.745097 	0.846056 	0.0211491 	0.160547
0.76019 	0.859112 	0.0205645 	0.16142
0.769806 	0.867135 	0.0202121 	0.161809
0.779423 	0.874554 	0.0197371 	0.161944
0.785447 	0.879177 	0.0194345 	0.162019
0.791472 	0.883801 	0.019132 	0.162094
0.80768 	0.895375 	0.0183001 	0.161977
0.823889 	0.906387 	0.0173312 	0.161621
0.840686 	0.916939 	0.0163363 	0.161021
0.857483 	0.927143 	0.0152129 	0.160241
0.87489 	0.936824 	0.0140879 	0.159271
0.892297 	0.946452 	0.0128485 	0.158183
0.910336 	0.955431 	0.0116343 	0.156947
0.928375 	0.964704 	0.010322 	0.155652
0.947068 	0.973125 	0.00906351 	0.154244
0.965762 	0.9822 	0.0077237 	0.152826
0.985136 	0.990127 	0.00646905 	0.151325
1.00451 	0.999038 	0.00514988 	0.149851
1.02458 	1.00641 	0.00394732 	0.148322
1.04466 	1.015 	0.00269757 	0.14684
1.06546 	1.02161 	0.00158961 	0.145336
1.08627 	1.02953 	0.00045196 	0.14388
1.08627 	1.02953 	0.00045196 	0.14388
1.10783 	1.03512 	-0.000533526 	0.142444
1.12939 	1.04191 	-0.00153184 	0.14104
1.15173 	1.04627 	-0.00238662 	0.139697
1.17408 	1.05157 	-0.00323894 	0.138361
1.19723 	1.05466 	-0.00397196 	0.13711
1.22038 	1.05839 	-0.00469073 	0.135843
1.24438 	1.06039 	-0.00531976 	0.134666
1.26837 	1.06277 	-0.00592625 	0.133449
1.29324 	1.06393 	-0.00646727 	0.13232
1.3181 	1.06531 	-0.00697872 	0.131128
1.34387 	1.06585 	-0.00744016 	0.130026
1.36964 	1.06654 	-0.00786512 	0.12884
1.39634 	1.06666 	-0.00824956 	0.127759
1.42305 	1.06686 	-0.00859046 	0.126574
1.43207 	1.06679 	-0.00869973 	0.126248
1.44109 	1.06672 	-0.008809 	0.125923
1.45975 	1.06663 	-0.00898258 	0.125129
1.4784 	1.06654 	-0.00915616 	0.124336
1.50708 	1.06613 	-0.00939 	0.123294
1.53576 	1.06576 	-0.0095665 	0.122132
1.56548 	1.06519 	-0.00972977 	0.121108
1.5952 	1.06464 	-0.0098303 	0.119967
1.62599 	1.06394 	-0.00992801 	0.118962
1.65679 	1.06324 	-0.00995914 	0.117846
1.68871 	1.06244 	-0.00999743 	0.116865
1.72063 	1.06164 	-0.00996665 	0.115783
1.7537 	1.06075 	-0.00995241 	0.114834
1.78678 	1.05986 	-0.00986767 	0.113794
1.82105 	1.0589 	-0.00980798 	0.112884
1.85533 	1.05793 	-0.0096773 	0.111895
1.89085 	1.05691 	-0.00957892 	0.111031
1.92638 	1.05588 	-0.00941003 	0.110098
1.96319 	1.05483 	-0.00928177 	0.109293
2 	1.05377 	-0.00908522 	0.108431
2 	1.05377 	-0.00908522 	0.108431
2.03636 	1.0527 	-0.0089344 	0.107687
2.07273 	1.05162 	-0.00871848 	0.106895
