1 	0 	0 	0
1.00104 	0.0576731 	0.310409 	0.0147122
1.00208 	0.115346 	0.620818 	0.0294243
1.00316 	0.103722 	0.618859 	0.0315223
1.00425 	0.0930327 	0.618646 	0.034405
1.00538 	0.102078 	0.614286 	0.034359
1.00651 	0.108098 	0.607218 	0.034558
1.00769 	0.126518 	0.614458 	0.03493
1.00887 	0.131184 	0.615659 	0.0346352
1.01009 	0.156199 	0.626167 	0.0356759
1.01132 	0.158555 	0.624197 	0.0352038
1.0126 	0.183816 	0.634801 	0.036411
1.01387 	0.187936 	0.626295 	0.0358396
1.0152 	0.211397 	0.637646 	0.0369599
1.01652 	0.221521 	0.631056 	0.0367284
1.01652 	0.221521 	0.631056 	0.0367284
1.0179 	0.244862 	0.643783 	0.0378339
1.01929 	0.258809 	0.642889 	0.0379856
1.02073 	0.281399 	0.656145 	0.039063
1.02217 	0.299005 	0.661517 	0.0396125
1.02367 	0.320669 	0.674377 	0.0406304
1.02517 	0.341202 	0.685167 	0.0415143
1.02574 	0.348887 	0.689492 	0.0418627
1.02632 	0.356571 	0.693817 	0.0422112
1.0273 	0.361097 	0.696886 	0.0422433
1.02829 	0.365624 	0.699956 	0.0422754
1.02992 	0.375191 	0.704658 	0.0424985
1.03155 	0.381934 	0.707523 	0.042468
1.03324 	0.395897 	0.714303 	0.0430662
1.03493 	0.402004 	0.714964 	0.0429702
1.03669 	0.420062 	0.72469 	0.0440131
1.03846 	0.425594 	0.722646 	0.043896
1.04029 	0.446817 	0.736535 	0.0453806
1.04213 	0.452708 	0.73289 	0.0452498
1.04404 	0.472662 	0.745989 	0.0465929
1.04596 	0.482846 	0.745652 	0.0468548
1.04795 	0.501514 	0.757541 	0.0480131
1.04994 	0.515267 	0.761803 	0.0486243
1.04994 	0.515267 	0.761803 	0.0486243
1.05201 	0.532436 	0.772287 	0.0496379
1.05409 	0.548557 	0.780931 	0.0505264
1.05482 	0.553979 	0.78399 	0.050822
1.05556 	0.559402 	0.787048 	0.0511177
1.05698 	0.564663 	0.788194 	0.0512571
1.05841 	0.569923 	0.789339 	0.0513965
1.06066 	0.581032 	0.792597 	0.0518692
1.0629 	0.588796 	0.792464 	0.0520206
1.06525 	0.603435 	0.798788 	0.0528965
1.06759 	0.610975 	0.796195 	0.0529736
1.07003 	0.628319 	0.806025 	0.0541181
1.07246 	0.636017 	0.801732 	0.0541398
1.075 	0.652634 	0.811046 	0.0552091
1.07754 	0.662694 	0.809653 	0.0554885
1.08019 	0.67741 	0.816679 	0.0563967
1.08283 	0.689522 	0.818901 	0.056965
1.08553 	0.702722 	0.823708 	0.0576653
1.08824 	0.715922 	0.828516 	0.0583655
1.08828 	0.71607 	0.828507 	0.0583699
1.08833 	0.716218 	0.828497 	0.0583742
1.0912 	0.724644 	0.826218 	0.0585158
1.09407 	0.733001 	0.82385 	0.0586492
1.09706 	0.744544 	0.824761 	0.0591445
1.10004 	0.752706 	0.820827 	0.0592257
1.10315 	0.765931 	0.824251 	0.0599496
1.10625 	0.774049 	0.819117 	0.0600048
1.10949 	0.786821 	0.822158 	0.0606568
1.11273 	0.795579 	0.817969 	0.0608324
1.1161 	0.807261 	0.818912 	0.0612867
1.11947 	0.817358 	0.817152 	0.0616065
1.12224 	0.825718 	0.816631 	0.0618444
1.125 	0.834079 	0.816111 	0.0620823
1.12575 	0.835829 	0.815266 	0.0621047
1.12649 	0.837578 	0.814422 	0.062127
1.13014 	0.845734 	0.809725 	0.0622609
1.13379 	0.853374 	0.804267 	0.0623388
1.1376 	0.862818 	0.801476 	0.062634
1.14141 	0.869855 	0.794944 	0.0627226
1.14537 	0.879952 	0.793482 	0.0630227
1.14933 	0.886397 	0.786151 	0.0631343
1.15346 	0.895231 	0.782956 	0.0633225
1.15758 	0.90252 	0.777106 	0.0634828
1.16188 	0.91037 	0.77264 	0.0636224
1.16618 	0.918149 	0.768044 	0.0637624
1.16643 	0.91853 	0.767739 	0.0637695
1.16667 	0.918911 	0.767433 	0.0637766
1.1709 	0.924176 	0.760079 	0.0639064
1.17513 	0.929441 	0.752725 	0.0640363
1.17979 	0.935476 	0.745947 	0.0642026
1.18445 	0.940123 	0.737092 	0.0643639
1.1893 	0.946601 	0.731345 	0.0645126
1.19415 	0.950533 	0.721757 	0.0646981
1.19921 	0.955885 	0.714897 	0.064854
1.20426 	0.960337 	0.706468 	0.0650306
1.20928 	0.964306 	0.698896 	0.0652033
1.21429 	0.968276 	0.691325 	0.0653759
1.21454 	0.968424 	0.690882 	0.0653853
1.21478 	0.968571 	0.69044 	0.0653947
1.21478 	0.968571 	0.69044 	0.0653947
1.22026 	0.971161 	0.680408 	0.0656148
1.22026 	0.971161 	0.680408 	0.0656148
1.22574 	0.973699 	0.670304 	0.065836
1.22574 	0.973699 	0.670304 	0.065836
1.23144 	0.976663 	0.661138 	0.0660477
1.23144 	0.976663 	0.661138 	0.0660477
1.23714 	0.979131 	0.650859 	0.066269
1.23714 	0.979131 	0.650859 	0.066269
1.24308 	0.981361 	0.641721 	0.0665026
1.24903 	0.984197 	0.631879 	0.0667095
1.25521 	0.985835 	0.622367 	0.0669566
1.2614 	0.988123 	0.61296 	0.0671806
1.26532 	0.989202 	0.607214 	0.0673261
1.26923 	0.99028 	0.601468 	0.0674716
1.27176 	0.991028 	0.597501 	0.067562
1.27428 	0.991776 	0.593535 	0.0676524
1.28099 	0.994002 	0.583919 	0.0678742
1.2877 	0.996627 	0.574355 	0.068082
1.29468 	0.998206 	0.564922 	0.0683268
1.30167 	1.00133 	0.555977 	0.0685201
1.30167 	1.00133 	0.555977 	0.0685201
1.30894 	1.00315 	0.546937 	0.0687564
1.30894 	1.00315 	0.546937 	0.0687564
1.31621 	1.00596 	0.538268 	0.068962
1.31621 	1.00596 	0.538268 	0.068962
1.32378 	1.00828 	0.529687 	0.0691844
1.32378 	1.00828 	0.529687 	0.0691844
1.33136 	1.01069 	0.521132 	0.0694046
1.33136 	1.01069 	0.521132 	0.0694046
1.33234 	1.01101 	0.520103 	0.0694319
1.33333 	1.01133 	0.519074 	0.0694593
1.33333 	1.01133 	0.519074 	0.0694593
1.34023 	1.01358 	0.511451 	0.0696496
1.34023 	1.01358 	0.511451 	0.0696496
1.34713 	1.01583 	0.503827 	0.0698399
1.34713 	1.01583 	0.503827 	0.0698399
1.35535 	1.01803 	0.495338 	0.0700702
1.36356 	1.02065 	0.48693 	0.0702875
1.37211 	1.0226 	0.478637 	0.0705284
1.38066 	1.02516 	0.470432 	0.0707493
1.38957 	1.02716 	0.462297 	0.0709935
1.39847 	1.02936 	0.454195 	0.0712305
1.40378 	1.0305 	0.449652 	0.071371
1.40909 	1.03164 	0.445108 	0.0715116
1.41306 	1.03247 	0.441547 	0.0716166
1.41702 	1.0333 	0.437986 	0.0717215
1.42667 	1.03511 	0.42989 	0.0719721
1.43633 	1.03706 	0.421808 	0.0722169
1.44638 	1.03855 	0.413816 	0.0724837
1.45644 	1.04052 	0.405918 	0.0727293
1.46691 	1.04194 	0.398123 	0.0729987
1.47738 	1.04371 	0.390427 	0.0732516
1.48829 	1.04516 	0.382907 	0.0735167
1.49919 	1.04662 	0.375391 	0.0737811
1.4996 	1.04668 	0.375126 	0.0737907
1.50001 	1.04673 	0.374861 	0.0738002
1.51095 	1.04808 	0.367486 	0.074056
1.52189 	1.04944 	0.360111 	0.0743118
1.53372 	1.05058 	0.352642 	0.0745884
1.54554 	1.05199 	0.345236 	0.0748508
1.55785 	1.05291 	0.337979 	0.0751336
1.57016 	1.05426 	0.330842 	0.075393
1.58298 	1.05517 	0.323764 	0.0756724
1.5958 	1.05624 	0.316737 	0.0759432
1.60346 	1.05676 	0.312808 	0.0761006
1.61112 	1.05727 	0.30888 	0.076258
1.61681 	1.05763 	0.305857 	0.0763758
1.6225 	1.05799 	0.302835 	0.0764936
1.6364 	1.05873 	0.295994 	0.0767681
1.6503 	1.05958 	0.289177 	0.0770363
1.66478 	1.06008 	0.282489 	0.0773193
1.67925 	1.06092 	0.275894 	0.0775824
1.67925 	1.06092 	0.275894 	0.0775824
1.69433 	1.0613 	0.269399 	0.0778649
1.7094 	1.06199 	0.262994 	0.0781292
1.7251 	1.06235 	0.256745 	0.078401
1.74079 	1.06278 	0.250516 	0.078669
1.7454 	1.06287 	0.24882 	0.0787429
1.75001 	1.06296 	0.247124 	0.0788168
1.76175 	1.06318 	0.242675 	0.0790072
1.77348 	1.06339 	0.238225 	0.0791975
1.7905 	1.06353 	0.232207 	0.0794624
1.80751 	1.0638 	0.226224 	0.0797179
1.82524 	1.06371 	0.22038 	0.0799839
1.84296 	1.06396 	0.214634 	0.0802284
1.86142 	1.06379 	0.209037 	0.0804846
1.87987 	1.06386 	0.203501 	0.0807266
1.89909 	1.06366 	0.198087 	0.0809702
1.9183 	1.06351 	0.192688 	0.0812111
1.92343 	1.06344 	0.19139 	0.0812696
1.92856 	1.06336 	0.190093 	0.0813281
1.94344 	1.06314 	0.186221 	0.0815009
1.95832 	1.06291 	0.18235 	0.0816736
1.97916 	1.06275 	0.176042 	0.0819316
2 	1.06274 	0.169715 	0.0821816
