1 	0.017678 	0 	-0.233841
1 	0.017678 	0 	-0.233841
1 	0.017678 	0 	-0.233841
1.00104 	0.0144597 	3.83594e-06 	-0.232496
1.00208 	0.0112414 	7.67187e-06 	-0.231152
1.00317 	0.00890337 	1.99905e-05 	-0.21814
1.00425 	0.00639538 	3.48695e-05 	-0.205466
1.00538 	0.00666689 	5.78606e-05 	-0.202346
1.00651 	0.00716403 	9.38586e-05 	-0.199941
1.00651 	0.00716403 	9.38586e-05 	-0.199941
1.00769 	0.00740784 	0.000100268 	-0.206047
1.00769 	0.00740784 	0.000100268 	-0.206047
1.00887 	0.00779076 	0.000117257 	-0.213806
1.00887 	0.00779076 	0.000117257 	-0.213806
1.00651 	0.008614 	0.000123266 	-0.108443
1.01009 	0.00801583 	0.000111852 	-0.219405
1.01132 	0.00833024 	9.77634e-05 	-0.228048
1.01259 	0.00854456 	9.72741e-05 	-0.231077
1.01387 	0.00876007 	9.16353e-05 	-0.237326
1.01519 	0.00896815 	9.33023e-05 	-0.240907
1.01652 	0.00909075 	0.000100051 	-0.247744
1.0179 	0.00927713 	0.000102794 	-0.251728
1.01929 	0.00936082 	0.000110136 	-0.258643
1.02073 	0.00951503 	0.000114066 	-0.262257
1.02217 	0.0095935 	0.000121068 	-0.267856
1.02367 	0.00972145 	0.000126773 	-0.27078
1.02517 	0.00982503 	0.000132958 	-0.274327
1.02574 	0.00986668 	0.000136265 	-0.275099
1.02632 	0.00990832 	0.000139572 	-0.275871
1.0273 	0.0100085 	0.000148762 	-0.271012
1.02829 	0.0101087 	0.000157953 	-0.266154
1.02992 	0.0102344 	0.000172932 	-0.260246
1.03155 	0.0103556 	0.000190646 	-0.253303
1.03324 	0.010466 	0.000203463 	-0.250153
1.03493 	0.0105383 	0.000224676 	-0.245469
1.03669 	0.0106499 	0.000233118 	-0.243342
1.03846 	0.0106556 	0.00025799 	-0.239519
1.04029 	0.010792 	0.000259286 	-0.238015
1.04213 	0.0107503 	0.000288943 	-0.233679
1.04404 	0.0108679 	0.000289424 	-0.232359
1.04596 	0.0108509 	0.000286658 	-0.23002
1.04795 	0.0109523 	0.000293708 	-0.228576
1.04994 	0.0109744 	0.000286238 	-0.227027
1.05201 	0.0110798 	0.000307133 	-0.2254
1.05409 	0.0111618 	0.00032619 	-0.223929
1.05482 	0.0111973 	0.000337932 	-0.223371
1.05556 	0.0112327 	0.000349674 	-0.222812
1.05698 	0.0112912 	0.00037046 	-0.21894
1.05841 	0.0113497 	0.000391246 	-0.215067
1.06065 	0.0113991 	0.000423707 	-0.210477
1.0629 	0.0114336 	0.000463236 	-0.205583
1.06524 	0.0114861 	0.000480038 	-0.201584
1.06759 	0.0114816 	0.000506881 	-0.197206
1.07002 	0.0115685 	0.000520206 	-0.193364
1.07246 	0.0115446 	0.000511605 	-0.188933
1.075 	0.0116485 	0.000546475 	-0.18525
1.07754 	0.0116355 	0.000554308 	-0.181665
1.08018 	0.0117254 	0.000614065 	-0.178336
1.08283 	0.0117478 	0.000664895 	-0.175446
1.08553 	0.0118185 	0.000726183 	-0.172593
1.08824 	0.0118891 	0.000787471 	-0.16974
1.08828 	0.0118896 	0.000788222 	-0.169654
1.08833 	0.0118901 	0.000788973 	-0.169568
1.0912 	0.0118926 	0.000792667 	-0.164838
1.09407 	0.0118945 	0.000796184 	-0.160109
1.09705 	0.0119123 	0.000820101 	-0.155569
1.10004 	0.0118753 	0.000821476 	-0.151155
1.10314 	0.0119253 	0.000907137 	-0.146858
1.10625 	0.0118501 	0.000958722 	-0.143144
1.10949 	0.0119132 	0.00101099 	-0.139051
1.11273 	0.0118543 	0.00101805 	-0.135705
1.1161 	0.0118887 	0.00102901 	-0.131859
1.11947 	0.0118716 	0.00101862 	-0.128382
1.12224 	0.0118654 	0.00106724 	-0.12564
1.125 	0.0118593 	0.00111586 	-0.122898
1.12575 	0.0118462 	0.0011245 	-0.121945
1.12649 	0.0118331 	0.00113314 	-0.120992
1.13014 	0.0117533 	0.00112111 	-0.116882
1.13379 	0.0116603 	0.00110179 	-0.112827
1.1376 	0.0116112 	0.0010941 	-0.108744
1.14141 	0.0114867 	0.00104846 	-0.105128
1.14537 	0.0114562 	0.00106114 	-0.100982
1.14933 	0.0113057 	0.00105902 	-0.0980431
1.15345 	0.0112276 	0.00101573 	-0.0942645
1.15758 	0.0111062 	0.000995837 	-0.0913022
1.16188 	0.0109828 	0.000959113 	-0.087973
1.16618 	0.0108585 	0.000923525 	-0.0846948
1.16643 	0.01085 	0.000922631 	-0.0845459
1.16667 	0.0108415 	0.000921738 	-0.0843969
1.1709 	0.0106766 	0.000922993 	-0.0813309
1.17513 	0.0105116 	0.000924247 	-0.0782648
1.17979 	0.0103551 	0.000898935 	-0.0750366
1.18445 	0.0101819 	0.000902449 	-0.0725026
1.1893 	0.0100138 	0.000876909 	-0.0691096
1.19415 	0.00985837 	0.000886066 	-0.0672336
1.1992 	0.00968139 	0.000877238 	-0.0644633
1.20426 	0.00952747 	0.000881266 	-0.0624657
1.20426 	0.00952747 	0.000881266 	-0.0624657
1.20928 	0.00936935 	0.000885718 	-0.0603818
1.21429 	0.00921124 	0.00089017 	-0.0582979
1.21429 	0.00921124 	0.00089017 	-0.0582979
1.21454 	0.00920357 	0.00089068 	-0.0581752
1.21478 	0.0091959 	0.000891189 	-0.0580526
1.22026 	0.00905443 	0.000908436 	-0.0559313
1.22574 	0.00891404 	0.000926239 	-0.0538393
1.23144 	0.00876866 	0.000940975 	-0.0515986
1.23714 	0.00865262 	0.000960857 	-0.0500219
1.24308 	0.00850904 	0.00098002 	-0.0477552
1.24903 	0.00840653 	0.00100081 	-0.0465402
1.25522 	0.00828704 	0.00102033 	-0.0447354
1.2614 	0.00817901 	0.00104018 	-0.0433362
1.26532 	0.00811737 	0.00105082 	-0.0424926
1.26923 	0.00805574 	0.00106146 	-0.041649
1.27176 	0.00801613 	0.00106896 	-0.0409734
1.27428 	0.00797653 	0.00107646 	-0.0402978
1.28099 	0.0078809 	0.00109662 	-0.0388047
1.2877 	0.00779083 	0.00111691 	-0.0375254
1.29469 	0.00769389 	0.00113795 	-0.035917
1.30167 	0.00761106 	0.00116145 	-0.03505
1.30894 	0.00751989 	0.00118204 	-0.0336386
1.31621 	0.00743825 	0.00120493 	-0.0328429
1.32379 	0.00735468 	0.00122635 	-0.031795
1.33136 	0.00727207 	0.00124801 	-0.0308163
1.33234 	0.00726246 	0.00125125 	-0.0307278
1.33333 	0.00725286 	0.00125448 	-0.0306393
1.34023 	0.00718444 	0.00127864 	-0.0298004
1.34713 	0.00711602 	0.0013028 	-0.0289616
1.35534 	0.00703813 	0.00133226 	-0.0279528
1.36356 	0.00696611 	0.00136366 	-0.0273351
1.37211 	0.00688924 	0.00139238 	-0.0262623
1.38066 	0.00682225 	0.00142362 	-0.0259075
1.38956 	0.00675167 	0.00145553 	-0.0251432
1.39847 	0.00668428 	0.00148843 	-0.0246369
1.40378 	0.0066469 	0.00151008 	-0.0243603
1.40909 	0.00660951 	0.00153173 	-0.0240837
1.41306 	0.00658113 	0.00154852 	-0.0237872
1.41702 	0.00655275 	0.00156532 	-0.0234907
1.42667 	0.00648927 	0.00160596 	-0.0229188
1.43633 	0.00642774 	0.00164726 	-0.0225045
1.44638 	0.00636468 	0.00168858 	-0.0218292
1.45644 	0.00630745 	0.00173191 	-0.0216803
1.46691 	0.00624743 	0.00177917 	-0.0211434
1.47738 	0.00619125 	0.00182816 	-0.0209794
1.47738 	0.00619125 	0.00182816 	-0.0209794
1.48828 	0.00613493 	0.00188092 	-0.0206713
1.49919 	0.00607873 	0.00193374 	-0.0203762
1.49919 	0.00607873 	0.00193374 	-0.0203762
1.4996 	0.00607682 	0.00193572 	-0.0203728
1.50001 	0.00607491 	0.0019377 	-0.0203695
1.50001 	0.00607491 	0.0019377 	-0.0203695
1.51095 	0.00602302 	0.00199237 	-0.0201209
1.51095 	0.00602302 	0.00199237 	-0.0201209
1.52189 	0.00597114 	0.00204704 	-0.0198723
1.52189 	0.00597114 	0.00204704 	-0.0198723
1.53371 	0.00591759 	0.00210844 	-0.0195361
1.54554 	0.00586666 	0.00217112 	-0.0194904
1.55785 	0.00581381 	0.00224019 	-0.0191126
1.57016 	0.00576488 	0.00231174 	-0.0191902
1.58298 	0.00571465 	0.00238671 	-0.0190005
1.5958 	0.0056657 	0.00246291 	-0.0189766
1.60346 	0.00563826 	0.0025084 	-0.0189671
1.61112 	0.00561082 	0.00255389 	-0.0189577
1.61681 	0.00559015 	0.00258864 	-0.0188915
1.6225 	0.00556948 	0.00262339 	-0.0188254
1.6364 	0.00552239 	0.00271379 	-0.0187313
1.6503 	0.00547606 	0.00280475 	-0.0187388
1.66477 	0.00542929 	0.00290596 	-0.0185621
1.67925 	0.00538481 	0.0030099 	-0.0187143
1.69432 	0.00533941 	0.00311812 	-0.0185885
1.7094 	0.00529587 	0.00323008 	-0.0187534
1.72509 	0.00525242 	0.00334616 	-0.018764
1.74079 	0.00520933 	0.00346343 	-0.018839
1.7454 	0.00519756 	0.00350004 	-0.0188737
1.75001 	0.00518578 	0.00353665 	-0.0189085
1.76175 	0.00515553 	0.00363258 	-0.018924
1.77348 	0.00512527 	0.0037285 	-0.0189396
1.79049 	0.00508401 	0.00388114 	-0.0189446
1.80751 	0.00504349 	0.00403597 	-0.01908
1.82523 	0.0050029 	0.00419371 	-0.0190116
1.84296 	0.00496387 	0.00436102 	-0.0192506
1.86141 	0.00492452 	0.0045279 	-0.0192452
1.87987 	0.00488618 	0.00470629 	-0.0194745
1.89908 	0.0048482 	0.00493956 	-0.0195406
1.9183 	0.00481043 	0.00517235 	-0.0196545
1.92343 	0.0048011 	0.00522079 	-0.0196711
1.92856 	0.00479178 	0.00526923 	-0.0196878
1.94344 	0.00476457 	0.00541666 	-0.0196997
1.95832 	0.00473736 	0.0055641 	-0.0197116
1.97916 	0.00469641 	0.0058249 	-0.0198655
2 	0.00465583 	0.00609474 	-0.02015
2 	0.00465583 	0.00609474 	-0.02015
2.03636 	0.00460137 	0.00662622 	-0.0202919
2.07273 	0.00454792 	0.00720466 	-0.0207852
