1 	0.000251349 	0 	-0.35263
1.00104 	0.000245211 	1.12419e-07 	-0.352627
1.00208 	0.000239074 	2.24838e-07 	-0.352623
1.00317 	0.000469337 	1.4919e-06 	-0.35262
1.00425 	0.0006996 	2.75896e-06 	-0.352616
1.00538 	0.0013593 	8.91329e-06 	-0.352622
1.00651 	0.002019 	1.50676e-05 	-0.352629
1.00769 	0.00289375 	3.14849e-05 	-0.352641
1.00887 	0.0037685 	4.79022e-05 	-0.352654
1.01009 	0.00468576 	7.90673e-05 	-0.352679
1.01132 	0.00560302 	0.000110232 	-0.352703
1.01259 	0.00656992 	0.000156327 	-0.352751
1.01387 	0.00753683 	0.000202421 	-0.352798
1.01519 	0.00855635 	0.000257905 	-0.352864
1.01652 	0.00957588 	0.00031339 	-0.35293
1.0179 	0.0106167 	0.000371142 	-0.353012
1.01929 	0.0116574 	0.000428894 	-0.353094
1.02073 	0.012699 	0.000484086 	-0.353189
1.02217 	0.0137407 	0.000539279 	-0.353283
1.02367 	0.0147693 	0.000589965 	-0.353389
1.02517 	0.0157978 	0.000640651 	-0.353495
1.02673 	0.0168058 	0.000679984 	-0.353613
1.02829 	0.0178137 	0.000719316 	-0.353731
1.02992 	0.0187975 	0.000739392 	-0.353867
1.03155 	0.0197814 	0.000759467 	-0.354003
1.03324 	0.0207181 	0.000772805 	-0.354159
1.03493 	0.0216548 	0.000786142 	-0.354315
1.03669 	0.0224888 	0.000810009 	-0.354488
1.03846 	0.0233229 	0.000833876 	-0.354661
1.04029 	0.0240031 	0.000870932 	-0.354847
1.04213 	0.0246833 	0.000907989 	-0.355032
1.04404 	0.0251972 	0.000956199 	-0.355227
1.04596 	0.025711 	0.00100441 	-0.355422
1.04795 	0.0260768 	0.00106199 	-0.355625
1.04994 	0.0264427 	0.00111957 	-0.355827
1.05201 	0.0266915 	0.00118665 	-0.356038
1.05409 	0.0269403 	0.00125373 	-0.356248
1.05625 	0.0271051 	0.00133138 	-0.356465
1.05841 	0.0272698 	0.00140902 	-0.356683
1.06065 	0.0273812 	0.00149671 	-0.356907
1.0629 	0.0274926 	0.00158439 	-0.357132
1.06524 	0.0275773 	0.0016752 	-0.357358
1.06759 	0.0276621 	0.001766 	-0.357585
1.07002 	0.0277409 	0.00184446 	-0.357807
1.07246 	0.0278197 	0.00192292 	-0.358029
1.075 	0.0279089 	0.00198091 	-0.35824
1.07754 	0.0279981 	0.0020389 	-0.35845
1.08018 	0.0281117 	0.00208467 	-0.358648
1.08283 	0.0282253 	0.00213044 	-0.358845
1.08558 	0.0283771 	0.00217077 	-0.359028
1.08833 	0.028529 	0.00221111 	-0.35921
1.0912 	0.0287345 	0.00224554 	-0.359372
1.09407 	0.0289401 	0.00227998 	-0.359534
1.09705 	0.0292173 	0.00230755 	-0.359665
1.10004 	0.0294945 	0.00233511 	-0.359796
1.10314 	0.0298639 	0.00235493 	-0.359886
1.10625 	0.0302333 	0.00237475 	-0.359975
1.10625 	0.0302333 	0.00237475 	-0.359975
1.10949 	0.0307178 	0.0023862 	-0.360012
1.11273 	0.0312024 	0.00239765 	-0.360049
1.1161 	0.0318253 	0.00240056 	-0.360015
1.11947 	0.0324483 	0.00240347 	-0.359981
1.12298 	0.0332303 	0.00239872 	-0.359855
1.12649 	0.0340123 	0.00239396 	-0.359729
1.13014 	0.0349657 	0.00238393 	-0.359492
1.13379 	0.0359192 	0.0023739 	-0.359256
1.1376 	0.0370407 	0.00236171 	-0.358886
1.14141 	0.0381622 	0.00234952 	-0.358516
1.14537 	0.0394239 	0.00233693 	-0.357989
1.14933 	0.0406857 	0.00232434 	-0.357461
1.15346 	0.0420328 	0.00231043 	-0.356746
1.15758 	0.0433799 	0.00229651 	-0.356032
1.16188 	0.0447215 	0.0022777 	-0.355092
1.16618 	0.0460632 	0.0022589 	-0.354153
1.17066 	0.0472507 	0.00222994 	-0.352947
1.17513 	0.0484382 	0.00220099 	-0.351742
1.17979 	0.0492436 	0.00216025 	-0.350225
1.18445 	0.050049 	0.00211952 	-0.348708
1.1893 	0.0501489 	0.00206032 	-0.346809
1.19415 	0.0502487 	0.00200113 	-0.34491
1.19921 	0.0492224 	0.00191326 	-0.342523
1.20426 	0.048196 	0.00182539 	-0.340136
1.20952 	0.0455853 	0.00170604 	-0.337153
1.21478 	0.0429746 	0.0015867 	-0.334169
1.22026 	0.0385899 	0.00144103 	-0.330527
1.22574 	0.0342053 	0.00129536 	-0.326886
1.23144 	0.0288974 	0.00115349 	-0.322649
1.23714 	0.0235896 	0.00101162 	-0.318412
1.24309 	0.0192218 	0.000931695 	-0.313699
1.24903 	0.0148539 	0.00085177 	-0.308986
1.25522 	0.0125528 	0.000880706 	-0.303863
1.2614 	0.0102516 	0.000909643 	-0.29874
1.26784 	0.00950894 	0.00103592 	-0.293293
1.27428 	0.00876631 	0.00116221 	-0.287846
1.28099 	0.00863424 	0.00133031 	-0.282213
1.2877 	0.00850217 	0.00149842 	-0.27658
1.29469 	0.00851521 	0.00166639 	-0.270879
1.30167 	0.00852824 	0.00183435 	-0.265178
1.30894 	0.00854782 	0.00196319 	-0.259487
1.31621 	0.0085674 	0.00209203 	-0.253795
1.31621 	0.0085674 	0.00209203 	-0.253795
1.32378 	0.00853989 	0.00210093 	-0.248162
1.33136 	0.00851239 	0.00210983 	-0.242528
1.33136 	0.00851239 	0.00210983 	-0.242528
1.33924 	0.00841492 	0.00199725 	-0.237015
1.33925 	0.00841492 	0.00199725 	-0.237015
1.34713 	0.00831744 	0.00188468 	-0.231502
1.34713 	0.00831744 	0.00188468 	-0.231502
1.35534 	0.00815393 	0.00178907 	-0.226175
1.35535 	0.00815393 	0.00178907 	-0.226175
1.36356 	0.00799042 	0.00169345 	-0.220847
1.36356 	0.00799042 	0.00169345 	-0.220847
1.37211 	0.00779339 	0.00169621 	-0.215724
1.38066 	0.00759636 	0.00169897 	-0.2106
1.38957 	0.00740487 	0.00175305 	-0.205671
1.39847 	0.00721338 	0.00180714 	-0.200742
1.40774 	0.00704611 	0.00186244 	-0.195999
1.41702 	0.00687884 	0.00191773 	-0.191255
1.42667 	0.00673603 	0.0019699 	-0.18669
1.43633 	0.00659322 	0.00202206 	-0.182124
1.44638 	0.00647004 	0.00207712 	-0.177732
1.45644 	0.00634685 	0.00213218 	-0.17334
1.46691 	0.00623902 	0.00219284 	-0.169121
1.47738 	0.00613119 	0.00225351 	-0.164902
1.48828 	0.00603565 	0.0023209 	-0.160856
1.49919 	0.00594011 	0.00238829 	-0.156809
1.51054 	0.0058545 	0.00246287 	-0.152931
1.52189 	0.0057689 	0.00253745 	-0.149052
1.53371 	0.00569127 	0.00261904 	-0.145336
1.54554 	0.00561365 	0.00270064 	-0.14162
1.55785 	0.00554258 	0.0027886 	-0.138067
1.57016 	0.00547151 	0.00287656 	-0.134514
1.5958 	0.00534045 	0.00306364 	-0.127731
1.6225 	0.00521904 	0.0032612 	-0.121264
1.6503 	0.00510629 	0.00347054 	-0.115106
1.66477 	0.0050539 	0.0035816 	-0.112178
1.67925 	0.00500151 	0.00369266 	-0.10925
1.69432 	0.00495291 	0.00381013 	-0.106471
1.7094 	0.00490431 	0.0039276 	-0.103692
1.72509 	0.00485928 	0.00405117 	-0.101059
1.74079 	0.00481426 	0.00417474 	-0.0984262
1.75713 	0.00477255 	0.00430402 	-0.0959358
1.77348 	0.00473084 	0.00443331 	-0.0934454
1.79049 	0.00469212 	0.00456952 	-0.0910938
1.80751 	0.0046534 	0.00470572 	-0.0887422
1.82523 	0.00461735 	0.00484976 	-0.0865243
1.84296 	0.0045813 	0.00499379 	-0.0843064
1.84296 	0.0045813 	0.00499379 	-0.0843064
1.86141 	0.00454755 	0.00514286 	-0.0822173
1.86142 	0.00454755 	0.00514286 	-0.0822173
1.87987 	0.0045138 	0.00529194 	-0.0801282
1.87987 	0.0045138 	0.00529194 	-0.0801282
1.89908 	0.00448192 	0.00546643 	-0.078171
1.9183 	0.00445004 	0.00564093 	-0.0762138
1.93831 	0.00442009 	0.00582553 	-0.0743692
1.95832 	0.00439014 	0.00601013 	-0.0725245
1.97916 	0.00435876 	0.00627658 	-0.0705684
2 	0.00432739 	0.00654303 	-0.0686122
