0 	0.00170574 	0 	0.210286
0.00138042 	0.0019213 	2.19485e-06 	0.210207
0.00276083 	0.00213885 	4.4038e-06 	0.210128
0.00419136 	0.00348369 	2.22339e-05 	0.209783
0.0056219 	0.00483321 	4.01447e-05 	0.209436
0.00710437 	0.00681443 	9.18847e-05 	0.2087
0.00858684 	0.00879724 	0.000143767 	0.207962
0.0101231 	0.010252 	0.000218857 	0.206915
0.0116594 	0.0117034 	0.000293992 	0.205865
0.0132515 	0.0127783 	0.000362773 	0.204691
0.0148436 	0.0138487 	0.000431286 	0.203517
0.0164935 	0.0147217 	0.000481628 	0.20229
0.0181433 	0.0155897 	0.000531593 	0.201063
0.0198531 	0.0163553 	0.000568526 	0.199744
0.0215629 	0.0171157 	0.000605288 	0.198425
0.0233347 	0.0178299 	0.000633107 	0.196975
0.0251066 	0.0185391 	0.000660805 	0.195524
0.0269428 	0.0192298 	0.000683192 	0.193943
0.0287789 	0.0199161 	0.000705438 	0.19236
0.0306818 	0.0205861 	0.000727351 	0.190672
0.0325847 	0.021252 	0.00074924 	0.188982
0.0345566 	0.021891 	0.000773355 	0.187224
0.0365285 	0.0225262 	0.000797565 	0.185464
0.0385721 	0.023124 	0.000823661 	0.183677
0.0406156 	0.0237186 	0.000849886 	0.181888
0.0427334 	0.0242691 	0.000876935 	0.180118
0.0448511 	0.024817 	0.000904107 	0.178344
0.0470457 	0.0253156 	0.000929993 	0.176639
0.0492403 	0.0258126 	0.00095602 	0.174929
0.0515146 	0.0262536 	0.000977714 	0.173333
0.053789 	0.026694 	0.000999553 	0.17173
0.0561458 	0.0270695 	0.00101519 	0.170276
0.0585027 	0.0274452 	0.0010309 	0.168814
0.0609451 	0.027743 	0.00104169 	0.167566
0.0633875 	0.028042 	0.00105246 	0.166304
0.0659187 	0.0282461 	0.00106091 	0.16534
0.0684498 	0.0284521 	0.00106935 	0.164361
0.0710728 	0.0285461 	0.00107555 	0.163671
0.0736958 	0.0286431 	0.00108178 	0.162966
0.0764141 	0.0286129 	0.00108389 	0.162547
0.0791323 	0.0285867 	0.00108609 	0.162109
0.0819493 	0.028421 	0.00108263 	0.162052
0.0847663 	0.0282602 	0.00107925 	0.161974
0.0876855 	0.0279542 	0.0010727 	0.16232
0.0906046 	0.0276539 	0.00106614 	0.162644
0.0936299 	0.0272131 	0.00105842 	0.16334
0.0966551 	0.0267784 	0.00105061 	0.164014
0.0997904 	0.0262141 	0.00104145 	0.16506
0.102926 	0.0256561 	0.00103208 	0.166081
0.102926 	0.0256561 	0.00103208 	0.166081
0.106174 	0.0249832 	0.0010229 	0.167522
0.109423 	0.0243164 	0.00101359 	0.168939
0.11279 	0.0235534 	0.00100425 	0.170746
0.116157 	0.0227963 	0.000995072 	0.172531
0.119646 	0.0219589 	0.000982583 	0.174635
0.123135 	0.0211273 	0.000970454 	0.176721
0.12675 	0.0202231 	0.000952386 	0.179053
0.130366 	0.0193247 	0.000934601 	0.181374
0.134113 	0.0183606 	0.000912369 	0.183839
0.13786 	0.0174022 	0.000890298 	0.186297
0.141744 	0.0163944 	0.000865779 	0.188851
0.145627 	0.0153915 	0.000841315 	0.191399
0.14965 	0.014371 	0.000817107 	0.194059
0.153674 	0.0133537 	0.000792792 	0.196715
0.157844 	0.0123632 	0.00077332 	0.199465
0.162015 	0.0113734 	0.000753653 	0.202215
0.166336 	0.0104605 	0.000741956 	0.205002
0.170658 	0.00954511 	0.000730028 	0.207793
0.175137 	0.00875817 	0.000728005 	0.21056
0.179615 	0.00796558 	0.000725708 	0.213335
0.184256 	0.00734442 	0.00073256 	0.216035
0.188897 	0.00671551 	0.000738913 	0.218744
0.193707 	0.00627508 	0.000747962 	0.221343
0.198516 	0.00582681 	0.000756223 	0.223951
0.2035 	0.005547 	0.000761925 	0.226434
0.208485 	0.00526108 	0.000767116 	0.228925
0.213649 	0.00509809 	0.000770419 	0.231291
0.218814 	0.00493123 	0.000773517 	0.233665
0.224167 	0.00484207 	0.000782552 	0.235926
0.22952 	0.00475076 	0.000791369 	0.238196
0.22952 	0.00475076 	0.000791369 	0.238196
0.235067 	0.00470538 	0.00081222 	0.240362
0.240614 	0.00465886 	0.000832969 	0.242537
0.246363 	0.00463931 	0.000863028 	0.244613
0.252111 	0.00461911 	0.000893063 	0.246698
0.258068 	0.00461615 	0.000927453 	0.248689
0.264025 	0.00461274 	0.000961862 	0.25069
0.270198 	0.00462183 	0.000995878 	0.252606
0.276372 	0.00463058 	0.00102994 	0.25453
0.28277 	0.00464885 	0.00106235 	0.256373
0.289167 	0.00466686 	0.0010948 	0.258225
0.295797 	0.0046922 	0.00112405 	0.259993
0.302426 	0.00471734 	0.00115333 	0.261769
0.309297 	0.00474826 	0.0011767 	0.263454
0.316168 	0.00477904 	0.0012001 	0.265147
0.323288 	0.00481451 	0.00121721 	0.26674
0.330407 	0.0048499 	0.00123436 	0.26834
0.337786 	0.0048889 	0.00124844 	0.269835
0.345164 	0.00492785 	0.0012625 	0.271338
0.352811 	0.00496929 	0.00127486 	0.272741
0.360457 	0.00501072 	0.00128717 	0.274151
0.368381 	0.00505362 	0.00129775 	0.275454
0.376305 	0.00509653 	0.00130829 	0.276764
0.384517 	0.00513997 	0.00131891 	0.277957
0.392728 	0.00518346 	0.00132954 	0.279157
0.401238 	0.00522667 	0.00134031 	0.280227
0.409748 	0.00526995 	0.00135115 	0.281304
0.418567 	0.00531217 	0.00135956 	0.282304
0.427386 	0.00535449 	0.00136797 	0.283309
0.436525 	0.0053949 	0.00137581 	0.284013
0.445664 	0.00543543 	0.00138361 	0.284724
0.455134 	0.00547331 	0.00139442 	0.285409
0.464605 	0.00551131 	0.00140528 	0.286101
0.47442 	0.00554636 	0.00141454 	0.286677
0.484235 	0.00558153 	0.00142386 	0.287258
0.494406 	0.00561354 	0.00143059 	0.28755
0.504577 	0.00564568 	0.00143734 	0.287848
0.515117 	0.00567451 	0.00144401 	0.288118
0.525657 	0.00570348 	0.00145079 	0.288394
0.53658 	0.00572931 	0.00145313 	0.288472
0.547503 	0.00575529 	0.00145559 	0.288553
0.558822 	0.00577772 	0.00145773 	0.288283
0.570142 	0.00580032 	0.0014599 	0.288018
0.581872 	0.00581873 	0.00146564 	0.287505
0.593603 	0.00583731 	0.00147139 	0.286995
0.605759 	0.00585189 	0.0014742 	0.286317
0.617916 	0.00586662 	0.00147706 	0.285641
0.630514 	0.00587744 	0.00147824 	0.284641
0.643111 	0.0058884 	0.00147946 	0.283645
0.656166 	0.00589568 	0.00148094 	0.282361
0.669222 	0.00590308 	0.00148243 	0.281079
0.682751 	0.00590755 	0.00148295 	0.279465
0.69628 	0.00591211 	0.00148351 	0.277854
0.7103 	0.00591406 	0.0014838 	0.275884
0.72432 	0.00591612 	0.00148409 	0.273915
0.73885 	0.00591514 	0.00148445 	0.271547
0.753379 	0.00591428 	0.0014848 	0.269178
0.753379 	0.00591428 	0.0014848 	0.269178
0.768436 	0.00590978 	0.00148602 	0.266388
0.783493 	0.00590538 	0.0014872 	0.263597
0.799097 	0.00589738 	0.00148922 	0.26034
0.8147 	0.00588945 	0.00149121 	0.25708
0.83087 	0.00587829 	0.00149378 	0.253372
0.847041 	0.00586718 	0.00149631 	0.249658
0.863798 	0.00585314 	0.00149956 	0.245456
0.880555 	0.00583914 	0.00150278 	0.241246
0.897921 	0.00582224 	0.00150709 	0.236513
0.915286 	0.00580538 	0.00151131 	0.231769
0.933282 	0.00578546 	0.0015175 	0.226511
0.951278 	0.00576557 	0.00152357 	0.221238
0.969927 	0.00574242 	0.00153456 	0.215475
0.988577 	0.00571929 	0.00154543 	0.209694
1.00791 	0.00569293 	0.00156032 	0.203467
1.02723 	0.00566656 	0.00157509 	0.197219
1.04726 	0.00563712 	0.00159234 	0.190587
1.06729 	0.00560768 	0.00160943 	0.18393
1.08804 	0.00557521 	0.00163176 	0.176978
1.1088 	0.00554272 	0.00165391 	0.169997
1.13031 	0.00550736 	0.0016831 	0.162841
1.15181 	0.00547197 	0.00171205 	0.155652
1.1741 	0.00543405 	0.00175178 	0.148418
1.1964 	0.00539607 	0.00179125 	0.14115
1.21949 	0.00535624 	0.00184184 	0.133971
1.24259 	0.00531631 	0.00189219 	0.126757
1.26653 	0.00527541 	0.00195253 	0.119768
1.29047 	0.00523439 	0.00201259 	0.112745
1.31528 	0.00519292 	0.00208529 	0.105991
1.34008 	0.00515131 	0.0021577 	0.0992045
1.36579 	0.00511044 	0.00223725 	0.0929135
1.3915 	0.00506942 	0.00231675 	0.0865921
1.41814 	0.00502431 	0.00248747 	0.0804183
1.44478 	0.00497904 	0.00265799 	0.0742154
1.47239 	0.00495054 	0.00272868 	0.069916
1.5 	0.00492198 	0.00279897 	0.065598
1.5 	0.00492198 	0.00279897 	0.065598
1.51094 	0.00490334 	0.00283066 	0.0632578
1.51095 	0.00490334 	0.00283066 	0.0632578
1.52189 	0.00488469 	0.00286235 	0.0609177
1.52189 	0.00488469 	0.00286235 	0.0609177
1.53371 	0.00486481 	0.00290172 	0.0586186
1.53372 	0.00486481 	0.00290172 	0.0586186
1.54554 	0.00484527 	0.00294071 	0.0562785
1.54554 	0.00484527 	0.00294071 	0.0562785
1.54909 	0.00483961 	0.00295384 	0.0556272
1.54909 	0.00483961 	0.00295384 	0.0556272
1.55263 	0.00483395 	0.00296696 	0.0549759
1.55263 	0.00483395 	0.00296696 	0.0549759
1.5614 	0.00482132 	0.00301359 	0.0533766
1.57016 	0.0048087 	0.00306021 	0.0517773
1.58298 	0.00479012 	0.00313057 	0.0497004
1.5958 	0.00477239 	0.00320065 	0.0475257
1.60346 	0.00476184 	0.00324517 	0.0463628
1.61111 	0.00475128 	0.00328968 	0.0451999
1.61681 	0.00474364 	0.00332473 	0.0443449
1.6225 	0.004736 	0.00335977 	0.0434899
1.6364 	0.00471762 	0.00344595 	0.0416299
1.6503 	0.00469982 	0.00353407 	0.0396939
1.66339 	0.00468302 	0.00361928 	0.0380925
1.67647 	0.00466622 	0.00370449 	0.0364912
1.67786 	0.00466445 	0.00371319 	0.0363086
1.67925 	0.00466267 	0.00372188 	0.0361261
1.69433 	0.00464416 	0.00382412 	0.0343055
1.7094 	0.00462577 	0.00392658 	0.0324655
1.7251 	0.0046067 	0.00403582 	0.0308122
1.74079 	0.00458796 	0.00414671 	0.029108
1.7454 	0.00458265 	0.00417934 	0.0286542
1.75 	0.00457735 	0.00421196 	0.0282003
1.76174 	0.00456384 	0.00429496 	0.0269206
1.77348 	0.00455033 	0.00437795 	0.025641
1.7905 	0.00453107 	0.00450165 	0.0240625
1.80751 	0.00451251 	0.00462725 	0.0223406
1.82042 	0.00449868 	0.0047289 	0.0212208
1.83333 	0.00448484 	0.00483055 	0.0201009
1.83815 	0.00447967 	0.00486945 	0.019642
1.84296 	0.0044745 	0.00490835 	0.0191831
1.86142 	0.00445554 	0.00507527 	0.0176052
1.87987 	0.00443681 	0.00524341 	0.0159706
1.89909 	0.0044178 	0.00539778 	0.0145597
1.9183 	0.00439899 	0.00555036 	0.0130991
1.92343 	0.00439407 	0.00559722 	0.0127354
1.92857 	0.00438914 	0.00564408 	0.0123717
1.94344 	0.00437487 	0.00577796 	0.0112352
1.95832 	0.00436059 	0.00591185 	0.0100987
1.97916 	0.00433816 	0.00620741 	0.00862295
2 	0.00431621 	0.00648997 	0.00700682
2 	0.00431621 	0.00648997 	0.00700682
2.03636 	0.00428559 	0.00700247 	0.0051534
2.07273 	0.00425544 	0.0075062 	0.00323469
