0 	0 	0 	0
0.00138042 	-0.0100572 	-0.00200721 	0.00847401
0.00276083 	-0.0188599 	-0.0040376 	0.0169961
0.00419137 	-0.0325818 	-0.00805708 	0.0213915
0.0056219 	-0.0458723 	-0.0121196 	0.0257992
0.00710438 	-0.0604162 	-0.0160169 	0.0273353
0.00858685 	-0.0750492 	-0.0199534 	0.0288677
0.0101231 	-0.086353 	-0.0235727 	0.029401
0.0116594 	-0.0980528 	-0.0272264 	0.0299277
0.0132515 	-0.105944 	-0.0304132 	0.0302135
0.0148436 	-0.11434 	-0.0336329 	0.0304934
0.0164935 	-0.11875 	-0.0359384 	0.0307276
0.0181434 	-0.123682 	-0.0382657 	0.0309574
0.0198531 	-0.124298 	-0.0394398 	0.0311913
0.0215629 	-0.125409 	-0.0406168 	0.0314218
0.0233348 	-0.121977 	-0.0407041 	0.0316718
0.0251066 	-0.119001 	-0.0407755 	0.0319186
0.0269428 	-0.111417 	-0.0399259 	0.032197
0.028779 	-0.104256 	-0.0390498 	0.0324717
0.0306819 	-0.0924675 	-0.0373975 	0.0327925
0.0325847 	-0.0810733 	-0.0357188 	0.0331084
0.0345567 	-0.0650242 	-0.0333731 	0.0334909
0.0365286 	-0.0493459 	-0.0310126 	0.0338667
0.0385722 	-0.0289163 	-0.0279815 	0.0343376
0.0406157 	-0.00883701 	-0.0249547 	0.0347992
0.0427334 	0.0160555 	-0.0211593 	0.0353891
0.0448512 	0.0406352 	-0.0173835 	0.0359671
0.0470458 	0.0695733 	-0.0127765 	0.036697
0.0492404 	0.0982653 	-0.00819358 	0.0374129
0.0515147 	0.130228 	-0.00285554 	0.0382849
0.053789 	0.162033 	0.00245981 	0.0391425
0.0561459 	0.195697 	0.00839618 	0.0401387
0.0585028 	0.229307 	0.0143158 	0.0411221
0.0609452 	0.263243 	0.0206815 	0.0422027
0.0633877 	0.297229 	0.0270417 	0.0432735
0.0659188 	0.330026 	0.0336132 	0.0443847
0.0684499 	0.362969 	0.040194 	0.0454897
0.071073 	0.393485 	0.0467373 	0.0465761
0.073696 	0.424232 	0.0533072 	0.0476605
0.0764142 	0.451724 	0.0595921 	0.048676
0.0791325 	0.479528 	0.0659233 	0.0496935
0.0819494 	0.503548 	0.0716898 	0.050606
0.0847664 	0.527938 	0.077521 	0.051524
0.0876856 	0.548252 	0.0825173 	0.0523197
0.0906048 	0.568958 	0.0875885 	0.0531233
0.0936301 	0.585636 	0.0916477 	0.0538058
0.0966553 	0.60269 	0.0957812 	0.0544978
0.0997903 	0.616054 	0.0988312 	0.0550755
0.102925 	0.629757 	0.101945 	0.0556637
0.106174 	0.640187 	0.104019 	0.0561404
0.109423 	0.650906 	0.106141 	0.0566278
0.11279 	0.658765 	0.107325 	0.057006
0.116157 	0.666857 	0.108539 	0.0573941
0.119646 	0.672533 	0.108963 	0.0576795
0.123135 	0.678381 	0.109398 	0.0579733
0.126751 	0.682317 	0.109247 	0.0581789
0.130366 	0.686369 	0.109089 	0.0583903
0.134113 	0.689038 	0.10855 	0.0585385
0.13786 	0.691776 	0.107992 	0.0586903
0.13786 	0.691776 	0.107992 	0.0586903
0.141744 	0.693601 	0.107231 	0.0588021
0.145627 	0.695466 	0.106446 	0.0589163
0.149651 	0.696734 	0.105567 	0.0590044
0.153675 	0.698024 	0.104661 	0.0590939
0.157845 	0.698873 	0.103725 	0.0591667
0.162015 	0.699733 	0.102762 	0.0592404
0.166337 	0.700252 	0.101842 	0.0593025
0.170658 	0.700775 	0.100898 	0.0593652
0.175137 	0.701023 	0.10005 	0.0594186
0.179615 	0.701269 	0.0991801 	0.0594725
0.184256 	0.701282 	0.0984026 	0.0595188
0.188897 	0.701289 	0.0976061 	0.0595655
0.193707 	0.7011 	0.0968947 	0.0596059
0.198516 	0.7009 	0.0961672 	0.0596466
0.203501 	0.700533 	0.0955371 	0.0596817
0.208485 	0.700153 	0.0948934 	0.059717
0.208485 	0.700153 	0.0948934 	0.059717
0.21365 	0.699635 	0.0943527 	0.0597479
0.218815 	0.699101 	0.0938007 	0.0597788
0.224168 	0.698462 	0.0933709 	0.0598058
0.22952 	0.697805 	0.0929315 	0.0598329
0.235067 	0.697069 	0.0926339 	0.0598573
0.240614 	0.696314 	0.0923288 	0.0598817
0.246363 	0.695508 	0.0921662 	0.0599046
0.252111 	0.694683 	0.0919984 	0.0599275
0.258068 	0.693826 	0.0919758 	0.0599488
0.264025 	0.692951 	0.09195 	0.05997
0.270199 	0.692056 	0.0920764 	0.0599895
0.276372 	0.691144 	0.0922015 	0.060009
0.28277 	0.690217 	0.0924687 	0.0600268
0.289167 	0.689274 	0.0927359 	0.0600445
0.295797 	0.688323 	0.0931652 	0.0600613
0.302427 	0.687356 	0.0935966 	0.060078
0.309298 	0.6864 	0.0940721 	0.0600933
0.316168 	0.685427 	0.0945457 	0.0601085
0.323288 	0.684408 	0.0952069 	0.0601227
0.330408 	0.683373 	0.0958666 	0.0601368
0.337787 	0.682413 	0.0968047 	0.0601514
0.345165 	0.681439 	0.0977481 	0.0601659
0.345165 	0.681439 	0.0977481 	0.0601659
0.352811 	0.680496 	0.0987503 	0.0601803
0.352916 	0.680778 	0.0987754 	0.0597348
0.360458 	0.679538 	0.0997563 	0.0601945
0.360667 	0.68014 	0.0997933 	0.059285
0.368382 	0.678629 	0.101018 	0.0602099
0.368595 	0.679191 	0.10105 	0.0593205
0.376306 	0.677707 	0.102289 	0.0602252
0.376524 	0.678323 	0.102318 	0.0593173
0.384741 	0.677525 	0.103747 	0.0593538
0.392957 	0.676787 	0.105154 	0.0593511
0.401472 	0.676015 	0.106626 	0.0593881
0.409987 	0.675307 	0.108095 	0.0593859
0.41881 	0.674624 	0.109787 	0.0594248
0.427634 	0.674009 	0.111474 	0.0594241
0.436779 	0.673423 	0.113376 	0.0594645
0.445923 	0.672901 	0.115278 	0.059465
0.455399 	0.672426 	0.117476 	0.0595073
0.464875 	0.672025 	0.119679 	0.0595095
0.474696 	0.671746 	0.12206 	0.0595536
0.484516 	0.671541 	0.124429 	0.0595573
0.494693 	0.671436 	0.126932 	0.0596038
0.50487 	0.671401 	0.129438 	0.0596097
0.515416 	0.671485 	0.132165 	0.0596593
0.525963 	0.671647 	0.134889 	0.0596684
0.536892 	0.671967 	0.137779 	0.0597211
0.547821 	0.672361 	0.140665 	0.0597326
0.559147 	0.67292 	0.143736 	0.0597889
0.570474 	0.673559 	0.146807 	0.0598042
0.582211 	0.674399 	0.150061 	0.0598645
0.593604 	0.674582 	0.153385 	0.0607461
0.593948 	0.675317 	0.153311 	0.0598833
0.60576 	0.675763 	0.156799 	0.0607853
0.606112 	0.676458 	0.156726 	0.0599473
0.617917 	0.676938 	0.160229 	0.0608245
0.618275 	0.677681 	0.16014 	0.0599702
0.630515 	0.678456 	0.163814 	0.0608679
0.63088 	0.679157 	0.163728 	0.060039
0.643112 	0.679968 	0.167418 	0.0609113
0.643485 	0.680717 	0.167312 	0.0600665
0.656167 	0.681859 	0.17113 	0.0609579
0.656548 	0.682567 	0.171029 	0.0601392
0.669223 	0.683746 	0.174863 	0.0610046
0.669611 	0.684502 	0.174739 	0.0601705
0.682752 	0.686055 	0.178663 	0.0610545
0.696281 	0.688362 	0.182486 	0.0611044
0.710301 	0.69112 	0.186357 	0.0611586
0.724322 	0.693879 	0.19025 	0.0612129
0.738851 	0.697114 	0.194181 	0.0612722
0.753381 	0.700352 	0.198135 	0.0613316
0.768437 	0.704104 	0.202099 	0.0613964
0.783494 	0.707859 	0.206088 	0.0614613
0.799098 	0.712171 	0.210035 	0.0615318
0.814702 	0.71649 	0.21401 	0.0616024
0.830872 	0.721398 	0.217877 	0.0616789
0.847042 	0.726316 	0.221773 	0.0617556
0.863799 	0.731845 	0.225484 	0.0618384
0.880556 	0.737389 	0.229224 	0.0619213
0.897922 	0.743556 	0.232685 	0.0620107
0.915288 	0.749742 	0.236177 	0.0621003
0.933284 	0.756547 	0.239292 	0.0621967
0.95128 	0.763376 	0.242438 	0.0622932
0.969929 	0.770801 	0.245097 	0.0623969
0.988579 	0.778255 	0.247788 	0.0625008
1.00791 	0.786242 	0.249873 	0.0626119
1.02723 	0.794265 	0.251988 	0.0627234
1.04726 	0.802718 	0.253391 	0.0628422
1.06729 	0.811212 	0.254819 	0.0629614
1.08804 	0.820028 	0.255453 	0.0630881
1.1088 	0.82889 	0.256108 	0.0632153
1.1088 	0.82889 	0.256108 	0.0632153
1.13031 	0.837971 	0.255894 	0.0633505
1.15182 	0.847104 	0.255697 	0.0634861
1.17411 	0.856248 	0.254599 	0.0636287
1.1964 	0.865448 	0.253511 	0.0637719
1.2195 	0.874461 	0.251508 	0.0639216
1.2426 	0.883532 	0.249507 	0.0640719
1.26653 	0.892213 	0.246728 	0.0642261
1.29047 	0.90095 	0.243945 	0.0643809
1.31528 	0.909257 	0.240275 	0.0645442
1.34009 	0.917618 	0.236596 	0.0647083
1.36579 	0.925336 	0.232699 	0.064866
1.3915 	0.933104 	0.228788 	0.0650245
1.41814 	0.940864 	0.222609 	0.0652264
1.44478 	0.948676 	0.216403 	0.0654293
1.47239 	0.95346 	0.214148 	0.0655011
1.5 	0.958275 	0.211884 	0.0655731
1.51095 	0.960796 	0.20946 	0.0656519
1.52189 	0.963316 	0.207035 	0.0657308
1.53372 	0.965787 	0.204347 	0.0658176
1.54554 	0.968262 	0.201778 	0.0659006
1.54909 	0.968936 	0.20103 	0.0659247
1.55263 	0.96961 	0.200282 	0.0659488
1.5614 	0.97138 	0.198568 	0.0660004
1.57016 	0.973149 	0.196854 	0.066052
1.58298 	0.975455 	0.194241 	0.0661308
1.5958 	0.97779 	0.191884 	0.0662011
1.60346 	0.979033 	0.190436 	0.0662445
1.61111 	0.980276 	0.188989 	0.0662879
1.6168 	0.981235 	0.187889 	0.0663194
1.6225 	0.982195 	0.186789 	0.066351
1.6364 	0.984254 	0.184113 	0.0664279
1.6503 	0.986348 	0.181615 	0.0664986
1.66339 	0.988061 	0.179191 	0.0665681
1.67647 	0.989775 	0.176766 	0.0666375
1.67786 	0.989973 	0.1765 	0.066645
1.67925 	0.990172 	0.176233 	0.0666526
1.69432 	0.992066 	0.173518 	0.0667284
1.7094 	0.993971 	0.170841 	0.0668029
1.72509 	0.99565 	0.167996 	0.0668831
1.74079 	0.997358 	0.16526 	0.0669592
1.74539 	0.99779 	0.164489 	0.0669805
1.75 	0.998223 	0.163717 	0.0670018
1.76174 	0.99945 	0.161684 	0.0670576
1.77348 	1.00068 	0.15965 	0.0671134
1.79049 	1.00215 	0.156684 	0.067196
1.80751 	1.00372 	0.153964 	0.0672688
1.82042 	1.0047 	0.151887 	0.067325
1.83333 	1.00568 	0.149811 	0.0673812
1.83815 	1.00609 	0.149006 	0.0674026
1.84296 	1.0065 	0.148202 	0.0674239
1.86141 	1.00784 	0.145276 	0.0675005
1.87987 	1.00923 	0.142433 	0.0675736
1.89909 	1.0104 	0.139529 	0.0676511
1.9183 	1.01161 	0.136703 	0.0677252
1.92344 	1.01188 	0.135985 	0.0677443
1.92857 	1.01215 	0.135266 	0.0677635
1.94345 	1.01299 	0.133097 	0.0678201
1.95832 	1.01384 	0.130929 	0.0678767
1.95832 	1.01384 	0.130929 	0.0678767
1.97916 	1.01505 	0.127372 	0.0679593
2 	1.01636 	0.124051 	0.0680326
