0 	0.000434537 	0 	-0.230928
0.00184056 	0.000653529 	1.68684e-06 	-0.230929
0.00368111 	0.00087252 	3.37367e-06 	-0.23093
0.00558849 	0.00196254 	1.90253e-05 	-0.230936
0.00749587 	0.00305255 	3.46769e-05 	-0.230942
0.0094725 	0.00466828 	8.31591e-05 	-0.230959
0.0114491 	0.006284 	0.000131641 	-0.230976
0.0134975 	0.00761065 	0.000218764 	-0.231006
0.0155459 	0.0089373 	0.000305886 	-0.231035
0.0176687 	0.00999871 	0.000425849 	-0.231076
0.0197915 	0.0110601 	0.000545812 	-0.231117
0.0219913 	0.0119492 	0.000691446 	-0.231168
0.0241911 	0.0128383 	0.000837079 	-0.231218
0.0264709 	0.0136092 	0.00100334 	-0.231277
0.0287506 	0.01438 	0.00116961 	-0.231336
0.031113 	0.0150669 	0.00135307 	-0.231403
0.0334755 	0.0157538 	0.00153654 	-0.231469
0.0359238 	0.0163774 	0.00173475 	-0.231543
0.038372 	0.0170009 	0.00193297 	-0.231616
0.0409092 	0.0175746 	0.00214408 	-0.231695
0.0434463 	0.0181482 	0.00235519 	-0.231775
0.0460756 	0.0186814 	0.00257766 	-0.231861
0.0487048 	0.0192146 	0.00280013 	-0.231946
0.0514296 	0.0197141 	0.00303269 	-0.232037
0.0541543 	0.0202135 	0.00326524 	-0.232128
0.0569779 	0.0206844 	0.00350683 	-0.232225
0.0598016 	0.0211552 	0.00374841 	-0.232322
0.0598016 	0.0211552 	0.00374841 	-0.232322
0.0627277 	0.0216013 	0.00399806 	-0.232424
0.0656539 	0.0220473 	0.00424772 	-0.232526
0.0686863 	0.0224717 	0.0045045 	-0.232633
0.0717187 	0.022896 	0.00476129 	-0.232741
0.0748612 	0.0233011 	0.00502423 	-0.232853
0.0780037 	0.0237062 	0.00528717 	-0.232966
0.0812603 	0.0240939 	0.00555532 	-0.233084
0.0845169 	0.0244817 	0.00582347 	-0.233202
0.0878917 	0.0248537 	0.00609584 	-0.233325
0.0912666 	0.0252258 	0.0063682 	-0.233449
0.0947639 	0.0255835 	0.00664362 	-0.233577
0.0982613 	0.0259412 	0.00691903 	-0.233706
0.101886 	0.0262856 	0.00719651 	-0.233839
0.10551 	0.02663 	0.00747399 	-0.233973
0.109266 	0.0269621 	0.00775261 	-0.234113
0.113022 	0.0272942 	0.00803123 	-0.234252
0.116914 	0.0276148 	0.00831002 	-0.234397
0.120806 	0.0279354 	0.00858881 	-0.234542
0.12484 	0.0282451 	0.00886689 	-0.234693
0.128874 	0.0285548 	0.00914498 	-0.234843
0.133054 	0.0288541 	0.0094214 	-0.235
0.137234 	0.0291535 	0.00969782 	-0.235156
0.141566 	0.029443 	0.00997158 	-0.235319
0.145897 	0.0297326 	0.0102453 	-0.235482
0.150387 	0.0300127 	0.0105154 	-0.235651
0.154876 	0.0302927 	0.0107855 	-0.23582
0.159528 	0.0305637 	0.011051 	-0.235995
0.16418 	0.0308347 	0.0113165 	-0.236171
0.169001 	0.0310968 	0.0115765 	-0.236354
0.173822 	0.0313589 	0.0118364 	-0.236536
0.178818 	0.0316123 	0.0120899 	-0.236726
0.183814 	0.0318658 	0.0123433 	-0.236916
0.188991 	0.0321108 	0.0125893 	-0.237113
0.194169 	0.0323557 	0.0128353 	-0.23731
0.199534 	0.0325924 	0.0130731 	-0.237515
0.2049 	0.032829 	0.0133109 	-0.237719
0.21046 	0.0330573 	0.0135398 	-0.237933
0.21602 	0.0332857 	0.0137686 	-0.238146
0.221782 	0.0335058 	0.0139878 	-0.238367
0.227544 	0.0337259 	0.014207 	-0.238589
0.233515 	0.0339378 	0.014416 	-0.238819
0.239487 	0.0341497 	0.0146249 	-0.23905
0.245675 	0.0343534 	0.0148231 	-0.23929
0.251863 	0.034557 	0.0150213 	-0.23953
0.258276 	0.0347523 	0.0152084 	-0.239779
0.264688 	0.0349476 	0.0153954 	-0.240028
0.271334 	0.0351345 	0.0155712 	-0.240288
0.27798 	0.0353213 	0.0157469 	-0.240547
0.278726 	0.0353407 	0.0157647 	-0.240576
0.279473 	0.03536 	0.0157825 	-0.240605
0.285613 	0.0355189 	0.0159288 	-0.240845
0.291753 	0.0356778 	0.0160751 	-0.241085
0.298116 	0.0358289 	0.0162109 	-0.241334
0.30448 	0.03598 	0.0163467 	-0.241584
0.305253 	0.0359984 	0.0163632 	-0.241614
0.306027 	0.0360167 	0.0163797 	-0.241644
0.313423 	0.0361772 	0.0165201 	-0.241934
0.320819 	0.0363377 	0.0166605 	-0.242225
0.336148 	0.0366401 	0.0169174 	-0.242827
0.352034 	0.0369238 	0.0171504 	-0.243451
0.368496 	0.037188 	0.0173599 	-0.244096
0.368496 	0.037188 	0.0173599 	-0.244096
0.377026 	0.0373101 	0.0174532 	-0.244429
0.377026 	0.0373101 	0.0174532 	-0.244429
0.385557 	0.0374322 	0.0175464 	-0.244762
0.385557 	0.0374322 	0.0175464 	-0.244762
0.386769 	0.0374476 	0.0175577 	-0.244809
0.387981 	0.0374629 	0.017569 	-0.244856
0.395609 	0.0375594 	0.0176398 	-0.245152
0.403236 	0.0376559 	0.0177106 	-0.245448
0.410158 	0.0377324 	0.0177646 	-0.245715
0.417081 	0.0378089 	0.0178186 	-0.245982
0.419319 	0.0378336 	0.017836 	-0.246068
0.421557 	0.0378583 	0.0178535 	-0.246155
0.431051 	0.0379483 	0.0179148 	-0.246518
0.440544 	0.0380383 	0.0179761 	-0.246881
0.450382 	0.0381164 	0.0180275 	-0.247253
0.46022 	0.0381944 	0.018079 	-0.247625
0.470415 	0.0382598 	0.0181211 	-0.248004
0.48061 	0.0383252 	0.0181633 	-0.248384
0.491176 	0.0383771 	0.0181965 	-0.24877
0.501741 	0.038429 	0.0182297 	-0.249156
0.51269 	0.0384667 	0.0182546 	-0.249546
0.523639 	0.0385044 	0.0182794 	-0.249937
0.534985 	0.0385274 	0.0182965 	-0.25033
0.546332 	0.0385504 	0.0183136 	-0.250723
0.55809 	0.0385578 	0.0183233 	-0.251117
0.569849 	0.0385653 	0.0183329 	-0.25151
0.582034 	0.0385565 	0.0183354 	-0.2519
0.594219 	0.0385476 	0.0183379 	-0.252291
0.606847 	0.0385219 	0.0183333 	-0.252674
0.619475 	0.0384962 	0.0183287 	-0.253057
0.632561 	0.0384533 	0.0183172 	-0.253429
0.645647 	0.0384105 	0.0183057 	-0.253801
0.659208 	0.0383505 	0.0182872 	-0.254156
0.67277 	0.0382905 	0.0182688 	-0.254512
0.686823 	0.0382134 	0.0182433 	-0.254846
0.700877 	0.0381363 	0.0182178 	-0.25518
0.715441 	0.038042 	0.0181848 	-0.255486
0.730005 	0.0379477 	0.0181519 	-0.255792
0.745098 	0.0378362 	0.0181111 	-0.256064
0.76019 	0.0377248 	0.0180703 	-0.256335
0.775831 	0.0375965 	0.0180209 	-0.256567
0.791472 	0.0374682 	0.0179715 	-0.256799
0.80768 	0.0373233 	0.0179127 	-0.256986
0.823889 	0.0371784 	0.0178538 	-0.257172
0.840686 	0.037017 	0.0177839 	-0.257305
0.857483 	0.0368556 	0.017714 	-0.257439
0.87489 	0.0366779 	0.0176309 	-0.257514
0.892297 	0.0365002 	0.0175479 	-0.25759
0.910336 	0.0363072 	0.0174491 	-0.257606
0.928375 	0.0361142 	0.0173503 	-0.257623
0.947068 	0.0359086 	0.017232 	-0.257575
0.965762 	0.035703 	0.0171138 	-0.257527
0.985135 	0.0354892 	0.0169699 	-0.257411
1.00451 	0.0352753 	0.0168261 	-0.257294
1.02458 	0.0350592 	0.0166436 	-0.257107
1.04466 	0.034843 	0.016461 	-0.256919
1.06546 	0.0346332 	0.0162192 	-0.25666
1.08627 	0.0344234 	0.0159774 	-0.256401
1.10783 	0.0342336 	0.0156554 	-0.256062
1.12939 	0.0340439 	0.0153334 	-0.255724
1.15173 	0.0338954 	0.014914 	-0.255288
1.17408 	0.0337469 	0.0144946 	-0.254852
1.19723 	0.0336738 	0.0139651 	-0.254284
1.22038 	0.0336006 	0.0134356 	-0.253716
1.22038 	0.0336006 	0.0134356 	-0.253716
1.24438 	0.0336957 	0.0128092 	-0.252957
1.26837 	0.0337907 	0.0121827 	-0.252197
1.29324 	0.0342315 	0.0115159 	-0.251154
1.3181 	0.0346724 	0.010849 	-0.250112
1.34387 	0.0356753 	0.0102186 	-0.248665
1.36964 	0.0366782 	0.00958822 	-0.247218
1.39635 	0.0384221 	0.00906494 	-0.2452
1.42305 	0.0401661 	0.00854166 	-0.243183
1.45073 	0.0425013 	0.00814564 	-0.240308
1.4784 	0.0448365 	0.00774962 	-0.237433
1.50708 	0.0468135 	0.00741713 	-0.233391
1.53576 	0.0487904 	0.00708465 	-0.229348
1.56548 	0.0487613 	0.00672754 	-0.22453
1.5952 	0.0487321 	0.00637043 	-0.219712
1.626 	0.0451756 	0.00590902 	-0.215213
1.65679 	0.041619 	0.00544761 	-0.210715
1.65679 	0.041619 	0.00544761 	-0.210715
1.68871 	0.0350064 	0.00490803 	-0.207598
1.68871 	0.0350064 	0.00490803 	-0.207598
1.72063 	0.0283937 	0.00436846 	-0.204481
1.72063 	0.0283937 	0.00436846 	-0.204481
1.75371 	0.0218629 	0.00396639 	-0.20111
1.75371 	0.0218629 	0.00396639 	-0.20111
1.78678 	0.0153322 	0.00356432 	-0.197739
1.78678 	0.0153322 	0.00356432 	-0.197739
1.82106 	0.0117744 	0.00389745 	-0.192048
1.82106 	0.0117744 	0.00389745 	-0.192048
1.85533 	0.00821661 	0.00423059 	-0.186357
1.85533 	0.00821661 	0.00423059 	-0.186357
1.89086 	0.00715986 	0.00482937 	-0.178448
1.89086 	0.00715986 	0.00482937 	-0.178448
1.92638 	0.00610311 	0.00542815 	-0.170539
1.92638 	0.00610311 	0.00542815 	-0.170539
1.96319 	0.00579768 	0.00510141 	-0.162936
1.96319 	0.00579768 	0.00510141 	-0.162936
2 	0.00549225 	0.00477466 	-0.155332
2 	0.00549225 	0.00477466 	-0.155332
