0 	0 	0 	0
0.00184056 	0.10821 	0.000288802 	0.072326
0.00368111 	0.224691 	0.000670625 	0.147458
0.00558849 	0.333542 	0.00139791 	0.210926
0.00749587 	0.447338 	0.00227215 	0.276561
0.00947248 	0.535345 	0.00326523 	0.325098
0.0114491 	0.623684 	0.00432109 	0.374007
0.0134975 	0.680765 	0.00526071 	0.405295
0.0155459 	0.735032 	0.00617878 	0.435325
0.0176687 	0.766881 	0.00690311 	0.452997
0.0197915 	0.795595 	0.00756817 	0.469123
0.0219913 	0.811727 	0.00808055 	0.478237
0.0241911 	0.825664 	0.00853309 	0.486244
0.0264709 	0.833461 	0.00889424 	0.490821
0.0287506 	0.840041 	0.00920996 	0.49478
0.0311131 	0.843935 	0.00948728 	0.497205
0.0334755 	0.847177 	0.00972996 	0.499293
0.0345772 	0.848109 	0.00983413 	0.499915
0.0356789 	0.84904 	0.00993829 	0.500537
0.0370255 	0.850179 	0.0100656 	0.501297
0.038372 	0.850946 	0.010164 	0.501865
0.0392283 	0.851338 	0.0102333 	0.502148
0.0400846 	0.851731 	0.0103026 	0.502431
0.0417654 	0.852501 	0.0104386 	0.502987
0.0434463 	0.853043 	0.010549 	0.503428
0.0460756 	0.853728 	0.0107397 	0.503968
0.0487048 	0.854261 	0.0109067 	0.504435
0.0514296 	0.854678 	0.0110886 	0.504801
0.0541543 	0.854987 	0.0112478 	0.505118
0.056978 	0.855246 	0.0114244 	0.505375
0.0598016 	0.855423 	0.0115789 	0.505599
0.0627278 	0.855586 	0.0117527 	0.505786
0.0656539 	0.855683 	0.0119044 	0.505949
0.0686863 	0.855784 	0.0120778 	0.506089
0.0717187 	0.855832 	0.0122286 	0.506211
0.0748612 	0.855893 	0.012402 	0.506319
0.0780037 	0.855909 	0.0125526 	0.506413
0.0812603 	0.855945 	0.0127257 	0.506501
0.0845169 	0.855941 	0.0128758 	0.506578
0.0878918 	0.855958 	0.0130511 	0.506654
0.0912666 	0.855941 	0.013202 	0.50672
0.094764 	0.85594 	0.0133812 	0.50679
0.0982613 	0.855909 	0.0135346 	0.506849
0.101886 	0.855891 	0.0137165 	0.506912
0.10551 	0.855845 	0.0138718 	0.506965
0.109266 	0.85581 	0.0140559 	0.507019
0.113022 	0.855749 	0.0142126 	0.507066
0.114773 	0.855727 	0.0142966 	0.507088
0.116525 	0.855704 	0.0143807 	0.507109
0.118665 	0.855677 	0.0144834 	0.507136
0.120806 	0.855625 	0.0145579 	0.507155
0.121915 	0.855607 	0.0146101 	0.507166
0.123025 	0.85559 	0.0146624 	0.507178
0.125949 	0.855543 	0.0148002 	0.507209
0.128874 	0.855474 	0.0149088 	0.507233
0.133054 	0.855397 	0.0151025 	0.50727
0.137234 	0.855298 	0.0152661 	0.507301
0.141566 	0.855208 	0.0154636 	0.507334
0.145897 	0.855097 	0.0156298 	0.507361
0.147917 	0.855051 	0.0157203 	0.507374
0.149938 	0.855004 	0.0158108 	0.507386
0.152407 	0.854948 	0.0159214 	0.507402
0.154876 	0.854871 	0.0159999 	0.507413
0.155661 	0.854852 	0.0160345 	0.507417
0.156446 	0.854832 	0.0160691 	0.507421
0.160313 	0.854737 	0.0162395 	0.507442
0.16418 	0.854622 	0.0163769 	0.507458
0.169001 	0.854497 	0.0165859 	0.50748
0.173822 	0.854352 	0.0167609 	0.507497
0.178818 	0.854216 	0.0169741 	0.507516
0.183814 	0.854062 	0.0171522 	0.507531
0.188992 	0.853916 	0.0173696 	0.507547
0.194169 	0.853753 	0.017551 	0.507561
0.199535 	0.853598 	0.0177726 	0.507575
0.2049 	0.853426 	0.0179574 	0.507586
0.207402 	0.853353 	0.0180591 	0.507591
0.209904 	0.853279 	0.0181608 	0.507597
0.212962 	0.853189 	0.0182852 	0.507603
0.21602 	0.853084 	0.0183716 	0.507608
0.221782 	0.852913 	0.0186022 	0.507618
0.227544 	0.852727 	0.0187939 	0.507627
0.228216 	0.852707 	0.0188204 	0.507628
0.228888 	0.852687 	0.0188468 	0.507629
0.234187 	0.852529 	0.0190555 	0.507637
0.239487 	0.852357 	0.0192244 	0.507643
0.245675 	0.852173 	0.0194641 	0.507651
0.251863 	0.851975 	0.0196633 	0.507658
0.258276 	0.851786 	0.0199077 	0.507665
0.264688 	0.851584 	0.0201108 	0.507671
0.271334 	0.851391 	0.0203598 	0.507677
0.27798 	0.851184 	0.020567 	0.507682
0.279529 	0.85114 	0.0206241 	0.507683
0.281079 	0.851096 	0.0206812 	0.507684
0.286416 	0.850944 	0.0208778 	0.507689
0.291753 	0.850779 	0.021032 	0.507692
0.29889 	0.850583 	0.0212904 	0.507697
0.306027 	0.850374 	0.021506 	0.507702
0.310095 	0.850267 	0.0216508 	0.507705
0.314163 	0.850161 	0.0217955 	0.507707
0.317491 	0.850073 	0.0219139 	0.507709
0.320819 	0.849973 	0.0219893 	0.507711
0.328484 	0.849784 	0.0222574 	0.507716
0.336148 	0.849583 	0.0224823 	0.50772
0.344091 	0.849401 	0.0227555 	0.507724
0.352034 	0.849208 	0.0229853 	0.507729
0.360265 	0.849037 	0.0232639 	0.507733
0.368496 	0.848855 	0.023499 	0.507737
0.370522 	0.848817 	0.0235664 	0.507738
0.372548 	0.84878 	0.0236339 	0.507739
0.379052 	0.848659 	0.0238506 	0.507742
0.385557 	0.848528 	0.0240237 	0.507746
0.394397 	0.848386 	0.0243137 	0.50775
0.403236 	0.848234 	0.0245601 	0.507754
0.403236 	0.848234 	0.0245601 	0.507754
0.409877 	0.848145 	0.0247749 	0.507758
0.416519 	0.848056 	0.0249897 	0.507761
0.419038 	0.848018 	0.0250558 	0.507762
0.421557 	0.847978 	0.0251092 	0.507763
0.426482 	0.847925 	0.0252663 	0.507765
0.431407 	0.847873 	0.0254233 	0.507768
0.435975 	0.847824 	0.025569 	0.50777
0.440544 	0.847765 	0.0256716 	0.507772
0.445832 	0.847724 	0.025838 	0.507774
0.45112 	0.847682 	0.0260044 	0.507776
0.45567 	0.847647 	0.0261477 	0.507778
0.46022 	0.8476 	0.0262479 	0.507779
0.470415 	0.847548 	0.0265645 	0.507783
0.48061 	0.847483 	0.0268383 	0.507786
0.491175 	0.847457 	0.0271618 	0.507789
0.501741 	0.847416 	0.0274425 	0.507792
0.51269 	0.847415 	0.0277726 	0.507794
0.523639 	0.847396 	0.0280598 	0.507795
0.534986 	0.84742 	0.0283959 	0.507797
0.546332 	0.847423 	0.0286892 	0.507796
0.558091 	0.84747 	0.0290305 	0.507797
0.569849 	0.847495 	0.0293292 	0.507796
0.569849 	0.847495 	0.0293292 	0.507796
0.582034 	0.847565 	0.0296751 	0.507795
0.594219 	0.847611 	0.0299783 	0.507792
0.606847 	0.847703 	0.0303277 	0.507791
0.619475 	0.84777 	0.0306347 	0.507787
0.632561 	0.847885 	0.0309866 	0.507784
0.645647 	0.847971 	0.0312962 	0.507779
0.659209 	0.848109 	0.0316491 	0.507775
0.67277 	0.848215 	0.0319603 	0.507769
0.686824 	0.848374 	0.0323128 	0.507763
0.700877 	0.8485 	0.032624 	0.507756
0.715441 	0.848682 	0.0329743 	0.507749
0.730005 	0.848827 	0.033284 	0.507741
0.733589 	0.848876 	0.0333662 	0.507739
0.737174 	0.848924 	0.0334484 	0.507737
0.748682 	0.84908 	0.0337123 	0.507731
0.76019 	0.849195 	0.0339366 	0.507723
0.768793 	0.84932 	0.0341233 	0.507718
0.777395 	0.849444 	0.0343101 	0.507713
0.784434 	0.849546 	0.0344629 	0.507709
0.791472 	0.849605 	0.0345773 	0.507702
0.807681 	0.849854 	0.034908 	0.507692
0.823889 	0.850056 	0.0352016 	0.507679
0.840686 	0.850327 	0.0355205 	0.507667
0.857483 	0.850548 	0.0358041 	0.507653
0.87489 	0.850841 	0.0361082 	0.507639
0.892297 	0.851082 	0.0363791 	0.507624
0.910336 	0.851396 	0.036665 	0.507609
0.928375 	0.851655 	0.0369201 	0.507591
0.947069 	0.851991 	0.0371842 	0.507575
0.965762 	0.852269 	0.0374203 	0.507556
0.985136 	0.852625 	0.0376588 	0.507537
1.00451 	0.85292 	0.0378725 	0.507517
1.02459 	0.853297 	0.0380811 	0.507497
1.04466 	0.853609 	0.0382687 	0.507475
1.06547 	0.854005 	0.0384432 	0.507453
1.08627 	0.854333 	0.0386008 	0.507429
1.10783 	0.854745 	0.0387367 	0.507405
1.12939 	0.855088 	0.0388605 	0.507379
1.15173 	0.855516 	0.0389534 	0.507353
1.17408 	0.855871 	0.0390393 	0.507325
1.19723 	0.856312 	0.0390846 	0.507297
1.22038 	0.856678 	0.0391287 	0.507267
1.24438 	0.857129 	0.0391223 	0.507237
1.26837 	0.857503 	0.0391206 	0.507204
1.29324 	0.857961 	0.0390584 	0.507171
1.3181 	0.858341 	0.0390074 	0.507136
1.34387 	0.858802 	0.0388859 	0.507101
1.36964 	0.859186 	0.0387822 	0.507063
1.39635 	0.859645 	0.0385984 	0.507025
1.42305 	0.860028 	0.0384393 	0.506985
1.45073 	0.860483 	0.0381908 	0.506944
1.4784 	0.860862 	0.0379742 	0.506902
1.50708 	0.861307 	0.0376596 	0.506858
1.53576 	0.861679 	0.037384 	0.506813
1.56548 	0.862111 	0.0370028 	0.506766
1.5952 	0.862471 	0.0366675 	0.506718
1.60829 	0.862647 	0.0364774 	0.506697
1.63254 	0.862973 	0.0361251 	0.506658
1.65679 	0.86323 	0.0358256 	0.506618
1.68871 	0.863622 	0.0353136 	0.506566
1.72063 	0.86395 	0.0348607 	0.506512
1.74668 	0.864238 	0.0344088 	0.506468
1.77272 	0.864526 	0.0339568 	0.506425
1.77975 	0.864574 	0.0338674 	0.506412
1.78678 	0.864622 	0.0337779 	0.5064
1.82106 	0.864958 	0.0331453 	0.506341
1.85533 	0.86524 	0.0325833 	0.506281
1.89086 	0.865545 	0.0318966 	0.506218
1.92638 	0.865801 	0.0312853 	0.506156
1.95537 	0.866013 	0.0307129 	0.506105
1.98436 	0.866225 	0.0301406 	0.506053
1.99218 	0.866261 	0.0300254 	0.50604
2 	0.866297 	0.0299103 	0.506026
