0 	0 	0 	0
0.00138042 	-0.00358386 	0.000274155 	-0.00881946
0.00276083 	-0.00732966 	0.000549255 	-0.0176894
0.00419136 	-0.020045 	0.00131891 	-0.0315271
0.0056219 	-0.0329157 	0.0020903 	-0.0454374
0.00710437 	-0.0522907 	0.00344756 	-0.0626999
0.00858684 	-0.0717793 	0.00480598 	-0.0800283
0.0101231 	-0.0927243 	0.00657429 	-0.0971922
0.0116594 	-0.113714 	0.00834164 	-0.114389
0.0132515 	-0.13243 	0.010303 	-0.129125
0.0148436 	-0.151139 	0.0122611 	-0.143865
0.0164935 	-0.166673 	0.014292 	-0.155893
0.0181433 	-0.182175 	0.0163183 	-0.16791
0.0198531 	-0.194805 	0.0183494 	-0.177657
0.0215629 	-0.207393 	0.0203748 	-0.187388
0.0233347 	-0.217588 	0.0223593 	-0.195297
0.0251066 	-0.227738 	0.0243374 	-0.203186
0.0269428 	-0.235924 	0.0262471 	-0.209608
0.0287789 	-0.244067 	0.0281498 	-0.216009
0.0306818 	-0.250598 	0.0299686 	-0.221209
0.0325847 	-0.257088 	0.0317801 	-0.226388
0.0345566 	-0.262253 	0.0335008 	-0.230574
0.0365285 	-0.26738 	0.0352143 	-0.234739
0.0385721 	-0.271419 	0.0368364 	-0.238078
0.0406156 	-0.275424 	0.0384518 	-0.241397
0.0427334 	-0.278535 	0.0399796 	-0.244028
0.0448511 	-0.281617 	0.0415009 	-0.246641
0.0470457 	-0.283962 	0.0429415 	-0.248677
0.0492403 	-0.286281 	0.044376 	-0.250697
0.0515146 	-0.287989 	0.0457385 	-0.252235
0.053789 	-0.289675 	0.0470954 	-0.253759
0.0561458 	-0.29085 	0.0483893 	-0.254878
0.0585027 	-0.292006 	0.0496781 	-0.255983
0.0609451 	-0.292735 	0.0509126 	-0.256747
0.0633875 	-0.293446 	0.0521425 	-0.2575
0.0659187 	-0.293797 	0.0533269 	-0.257962
0.0684498 	-0.294134 	0.054507 	-0.258414
0.0710728 	-0.294165 	0.05565 	-0.258618
0.0736958 	-0.294183 	0.056789 	-0.258812
0.0764141 	-0.293939 	0.0578984 	-0.258792
0.0791323 	-0.293683 	0.0590042 	-0.258764
0.0819493 	-0.293198 	0.060087 	-0.258548
0.0847663 	-0.292703 	0.0611664 	-0.258325
0.0876855 	-0.292004 	0.0622288 	-0.257936
0.0906046 	-0.291297 	0.0632881 	-0.257539
0.0936299 	-0.290407 	0.0643359 	-0.256995
0.0966551 	-0.289509 	0.0653808 	-0.256442
0.0997904 	-0.288444 	0.066419 	-0.255755
0.102926 	-0.28737 	0.0674543 	-0.255061
0.106174 	-0.286141 	0.0684873 	-0.254243
0.109423 	-0.284904 	0.0695174 	-0.253418
0.11279 	-0.28352 	0.0705487 	-0.252477
0.116157 	-0.282129 	0.0715773 	-0.251529
0.119646 	-0.280595 	0.0726103 	-0.250472
0.123135 	-0.279056 	0.0736407 	-0.249408
0.12675 	-0.277378 	0.0746785 	-0.248239
0.130366 	-0.275695 	0.0757136 	-0.247063
0.134113 	-0.273876 	0.0767587 	-0.245786
0.13786 	-0.272052 	0.0778011 	-0.244503
0.141744 	-0.270093 	0.0788554 	-0.243121
0.145627 	-0.26813 	0.079907 	-0.241733
0.145627 	-0.26813 	0.079907 	-0.241733
0.14965 	-0.266032 	0.0809724 	-0.240247
0.153674 	-0.263928 	0.082035 	-0.238755
0.157844 	-0.26169 	0.0831132 	-0.237167
0.162015 	-0.259447 	0.0841886 	-0.235572
0.166336 	-0.257067 	0.0852808 	-0.233882
0.170658 	-0.254682 	0.0863702 	-0.232186
0.175137 	-0.252158 	0.0874774 	-0.230394
0.179615 	-0.249628 	0.0885817 	-0.228595
0.184256 	-0.246958 	0.0897047 	-0.226701
0.188897 	-0.244282 	0.0908247 	-0.224801
0.193707 	-0.241463 	0.0919642 	-0.222805
0.198516 	-0.238638 	0.0931006 	-0.220802
0.2035 	-0.235668 	0.0942569 	-0.218703
0.208485 	-0.232692 	0.0954098 	-0.216598
0.213649 	-0.229568 	0.0965827 	-0.214397
0.218814 	-0.226438 	0.0977522 	-0.212189
0.224167 	-0.223159 	0.0989412 	-0.209885
0.22952 	-0.219875 	0.100127 	-0.207574
0.235067 	-0.216439 	0.101331 	-0.205168
0.240614 	-0.212998 	0.102531 	-0.202755
0.246363 	-0.209406 	0.103749 	-0.200248
0.252111 	-0.205809 	0.104962 	-0.197734
0.258068 	-0.202061 	0.106192 	-0.195128
0.264025 	-0.198307 	0.107417 	-0.192515
0.264025 	-0.198307 	0.107417 	-0.192515
0.270198 	-0.194402 	0.108655 	-0.189812
0.270198 	-0.194402 	0.108655 	-0.189812
0.276372 	-0.190492 	0.109889 	-0.187102
0.276372 	-0.190492 	0.109889 	-0.187102
0.28277 	-0.186432 	0.111133 	-0.184304
0.289167 	-0.182365 	0.112373 	-0.181498
0.295797 	-0.178149 	0.113618 	-0.178607
0.302426 	-0.173926 	0.114859 	-0.175709
0.309297 	-0.169552 	0.116101 	-0.172726
0.316168 	-0.165172 	0.117338 	-0.169736
0.323288 	-0.16064 	0.118571 	-0.166663
0.330407 	-0.156102 	0.119799 	-0.163584
0.337786 	-0.151412 	0.121018 	-0.160424
0.345164 	-0.146715 	0.122231 	-0.157258
0.352811 	-0.141864 	0.123428 	-0.154013
0.360457 	-0.137007 	0.12462 	-0.150761
0.368381 	-0.131996 	0.125788 	-0.147433
0.376305 	-0.126979 	0.126951 	-0.144098
0.384517 	-0.121808 	0.128083 	-0.140689
0.392728 	-0.116631 	0.12921 	-0.137274
0.401238 	-0.111299 	0.130298 	-0.133788
0.409748 	-0.105961 	0.13138 	-0.130295
0.409748 	-0.105961 	0.13138 	-0.130295
0.418567 	-0.100469 	0.132414 	-0.126734
0.418567 	-0.100469 	0.132414 	-0.126734
0.427386 	-0.0949694 	0.133442 	-0.123166
0.427386 	-0.0949694 	0.133442 	-0.123166
0.436525 	-0.0893156 	0.134412 	-0.119534
0.445664 	-0.0836545 	0.135377 	-0.115895
0.455134 	-0.0778384 	0.136271 	-0.112194
0.464605 	-0.0720149 	0.13716 	-0.108487
0.47442 	-0.0660348 	0.137967 	-0.104721
0.484235 	-0.0600471 	0.138769 	-0.100949
0.494406 	-0.0538996 	0.139478 	-0.0971214
0.504577 	-0.0477444 	0.140182 	-0.0932878
0.515117 	-0.0414242 	0.140781 	-0.0894026
0.525657 	-0.0350963 	0.141374 	-0.0855114
0.53658 	-0.0285956 	0.141846 	-0.0815738
0.547503 	-0.0220874 	0.142313 	-0.0776307
0.558822 	-0.0153976 	0.14265 	-0.0736495
0.570142 	-0.00870042 	0.142981 	-0.0696632
0.581872 	-0.00180925 	0.143184 	-0.0656519
0.593603 	0.0050891 	0.143382 	-0.0616362
0.605759 	0.0121967 	0.143451 	-0.057611
0.617916 	0.0193109 	0.143514 	-0.053582
0.630514 	0.0266503 	0.143437 	-0.0495601
0.643111 	0.0339958 	0.143356 	-0.045535
0.656166 	0.0415884 	0.143122 	-0.0415333
0.669222 	0.0491864 	0.142885 	-0.0375289
0.682751 	0.0570602 	0.142489 	-0.0335642
0.69628 	0.0649387 	0.142092 	-0.0295972
0.7103 	0.0731267 	0.141536 	-0.0256884
0.72432 	0.0813182 	0.14098 	-0.0217777
0.73885 	0.0898576 	0.140273 	-0.0179436
0.753379 	0.0983989 	0.139568 	-0.0141078
0.768436 	0.107332 	0.13873 	-0.0103624
0.783493 	0.116266 	0.137896 	-0.00661521
0.799097 	0.125642 	0.136966 	-0.00296138
0.8147 	0.135017 	0.136043 	0.000695119
0.83087 	0.144923 	0.135087 	0.00428369
0.847041 	0.154826 	0.134142 	0.00787726
0.863798 	0.165476 	0.133256 	0.0114996
0.880555 	0.176125 	0.132385 	0.0151316
0.897921 	0.188062 	0.13173 	0.0190587
0.915286 	0.200003 	0.131093 	0.0230036
0.933282 	0.214444 	0.130912 	0.0278828
0.951278 	0.228886 	0.130752 	0.03279
0.951278 	0.228886 	0.130752 	0.03279
0.969927 	0.247525 	0.131222 	0.0399171
0.988577 	0.266106 	0.131714 	0.0470717
1.00791 	0.288927 	0.13284 	0.0582091
1.02723 	0.311548 	0.133989 	0.0693572
1.04726 	0.334472 	0.135343 	0.0865743
1.06729 	0.357068 	0.136702 	0.103794
1.08804 	0.374028 	0.136654 	0.12955
1.1088 	0.390769 	0.136565 	0.155332
1.13031 	0.404358 	0.132599 	0.19245
1.15181 	0.418263 	0.128566 	0.229731
1.1741 	0.449725 	0.118945 	0.285648
1.1964 	0.482162 	0.109295 	0.342
1.21949 	0.550864 	0.0963244 	0.419638
1.24259 	0.620326 	0.0834734 	0.497388
1.26653 	0.705058 	0.0753355 	0.57047
1.29047 	0.789462 	0.0674203 	0.642934
1.31528 	0.849483 	0.0677102 	0.683965
1.34008 	0.908643 	0.0680642 	0.724299
1.36579 	0.934644 	0.0701256 	0.735736
1.3915 	0.960084 	0.0720789 	0.746783
1.41814 	0.967673 	0.0710644 	0.741382
1.44478 	0.975056 	0.0699658 	0.735847
1.47239 	0.976917 	0.0669577 	0.725488
1.5 	0.978708 	0.0639348 	0.715165
1.51094 	0.97868 	0.0626069 	0.709709
1.52189 	0.978549 	0.0614867 	0.704693
1.53371 	0.978182 	0.0600332 	0.699609
1.54554 	0.977751 	0.058856 	0.695025
1.54909 	0.977568 	0.058425 	0.693703
1.55263 	0.977384 	0.0580572 	0.692479
1.5614 	0.976966 	0.0573834 	0.690068
1.57016 	0.976592 	0.0569392 	0.687707
1.58298 	0.97584 	0.0560251 	0.684559
1.5958 	0.975199 	0.0555534 	0.681494
1.60346 	0.974701 	0.0551267 	0.67982
1.61111 	0.97425 	0.0548396 	0.678171
1.61681 	0.973962 	0.0544544 	0.676825
1.6225 	0.973675 	0.0541859 	0.675523
1.6364 	0.972823 	0.0532933 	0.67256
1.6503 	0.971997 	0.0527435 	0.669717
1.66339 	0.971102 	0.0520898 	0.667235
1.67647 	0.970235 	0.0516157 	0.664821
1.67786 	0.970145 	0.0515556 	0.664553
1.67925 	0.970056 	0.0515139 	0.664295
1.69432 	0.968977 	0.050887 	0.661653
1.7094 	0.967921 	0.0504404 	0.659108
1.72509 	0.966728 	0.0498845 	0.656638
1.74079 	0.965571 	0.0494956 	0.654272
1.7454 	0.965206 	0.0493507 	0.653616
1.75 	0.964851 	0.0492345 	0.652983
1.76174 	0.963957 	0.0488577 	0.651287
1.77348 	0.963063 	0.0485632 	0.649657
1.79049 	0.961708 	0.048044 	0.64741
1.80751 	0.960365 	0.0476778 	0.64531
1.82042 	0.959312 	0.0473463 	0.643793
1.83333 	0.958267 	0.0470624 	0.642335
1.83815 	0.957879 	0.0469435 	0.641762
1.84296 	0.957487 	0.0468436 	0.641215
1.86141 	0.955958 	0.0464019 	0.639204
1.87987 	0.954422 	0.0460237 	0.637307
1.89908 	0.952798 	0.0456357 	0.635429
1.9183 	0.951176 	0.0452842 	0.633657
1.9183 	0.951176 	0.0452842 	0.633657
1.92343 	0.950738 	0.0451578 	0.633204
1.92857 	0.950301 	0.0450331 	0.632772
1.93831 	0.949457 	0.0447974 	0.631906
1.95832 	0.947717 	0.0443195 	0.630195
1.97916 	0.945767 	0.0439048 	0.628235
2 	0.943789 	0.0434823 	0.626433
