1 	0.0162879 	0 	-0.219325
1 	0.0162879 	0 	-0.219325
1.00104 	0.0129999 	2.82068e-06 	-0.217768
1.00104 	0.0129999 	2.82068e-06 	-0.217768
1.00208 	0.00971198 	5.64136e-06 	-0.21621
1.00208 	0.00971198 	5.64136e-06 	-0.21621
1.00317 	0.00715878 	1.31688e-05 	-0.203637
1.00317 	0.00715878 	1.31688e-05 	-0.203637
1.00425 	0.00436326 	2.2149e-05 	-0.191265
1.00425 	0.00436326 	2.2149e-05 	-0.191265
1.00538 	0.00447464 	3.85668e-05 	-0.187947
1.00651 	0.0047027 	6.34429e-05 	-0.185319
1.00769 	0.00486828 	7.8339e-05 	-0.190415
1.00887 	0.00511717 	0.000113073 	-0.196701
1.01009 	0.00524128 	0.000112876 	-0.201268
1.01132 	0.00544952 	0.00012718 	-0.207598
1.0126 	0.0055488 	0.000120872 	-0.209671
1.01387 	0.00573481 	9.70304e-05 	-0.215037
1.0152 	0.00584116 	9.38776e-05 	-0.217757
1.01652 	0.00597724 	7.39704e-05 	-0.222986
1.01791 	0.00608661 	7.43229e-05 	-0.226769
1.01929 	0.0061732 	7.3823e-05 	-0.232735
1.02073 	0.00627419 	7.57749e-05 	-0.236577
1.02217 	0.00633994 	7.94562e-05 	-0.242106
1.02217 	0.00633994 	7.94562e-05 	-0.242106
1.02367 	0.00642437 	8.2429e-05 	-0.245411
1.02367 	0.00642437 	8.2429e-05 	-0.245411
1.02517 	0.00649514 	8.62393e-05 	-0.249195
1.02517 	0.00649514 	8.62393e-05 	-0.249195
1.02574 	0.0065197 	8.77161e-05 	-0.250173
1.02574 	0.0065197 	8.77161e-05 	-0.250173
1.02632 	0.00654426 	8.91928e-05 	-0.251151
1.02632 	0.00654426 	8.91928e-05 	-0.251151
1.0273 	0.00663265 	9.53127e-05 	-0.247025
1.0273 	0.00663265 	9.53127e-05 	-0.247025
1.02829 	0.00672105 	0.000101432 	-0.242899
1.02829 	0.00672105 	0.000101432 	-0.242899
1.02992 	0.00681602 	0.000110679 	-0.237864
1.02992 	0.00681602 	0.000110679 	-0.237864
1.03155 	0.00691443 	0.000121867 	-0.231833
1.03155 	0.00691443 	0.000121867 	-0.231833
1.03324 	0.0069741 	0.000129164 	-0.229341
1.03493 	0.00703727 	0.00014247 	-0.225258
1.03669 	0.00708667 	0.000146943 	-0.223663
1.03846 	0.00712218 	0.000162929 	-0.220246
1.04029 	0.00718672 	0.000162517 	-0.219179
1.04213 	0.00718752 	0.000181489 	-0.216053
1.04404 	0.00724677 	0.000179565 	-0.215065
1.04596 	0.00724239 	0.000194162 	-0.213425
1.04795 	0.00729138 	0.000191798 	-0.212496
1.04994 	0.00730021 	0.000187891 	-0.211035
1.05201 	0.00734333 	0.000190416 	-0.210204
1.05409 	0.00737509 	0.000190186 	-0.209389
1.05482 	0.00739128 	0.000194477 	-0.209054
1.05556 	0.00740746 	0.000198769 	-0.208719
1.05698 	0.00746122 	0.000210188 	-0.205435
1.05841 	0.00751497 	0.000221607 	-0.202152
1.06065 	0.00756487 	0.000239142 	-0.198336
1.0629 	0.00762012 	0.000261142 	-0.194104
1.06524 	0.00764246 	0.000274466 	-0.190917
1.06759 	0.00766214 	0.000302169 	-0.187394
1.07002 	0.00768083 	0.000306542 	-0.184323
1.07246 	0.00767723 	0.000331851 	-0.180699
1.075 	0.00770179 	0.000336629 	-0.177781
1.07754 	0.00769525 	0.000333804 	-0.174499
1.08018 	0.00773399 	0.00035092 	-0.171589
1.08283 	0.00774553 	0.000356809 	-0.168807
1.08553 	0.00778642 	0.000392315 	-0.166193
1.08824 	0.00782731 	0.000427821 	-0.163578
1.08828 	0.00782822 	0.000428397 	-0.163501
1.08833 	0.00782913 	0.000428973 	-0.163423
1.0912 	0.0078518 	0.000471169 	-0.159487
1.09407 	0.00787455 	0.000513592 	-0.15555
1.09705 	0.00788312 	0.000522632 	-0.151694
1.10004 	0.00788629 	0.000530398 	-0.147983
1.10314 	0.00790746 	0.0005483 	-0.144015
1.10625 	0.00789321 	0.000531832 	-0.140403
1.10949 	0.00792882 	0.000586173 	-0.136571
1.11273 	0.00790346 	0.000617561 	-0.133377
1.1161 	0.00793652 	0.000662721 	-0.129879
1.11947 	0.00793741 	0.0006954 	-0.126758
1.12224 	0.00796188 	0.000706797 	-0.124126
1.125 	0.00798636 	0.000718193 	-0.121494
1.12575 	0.00798732 	0.00071775 	-0.120618
1.12649 	0.00798828 	0.000717306 	-0.119743
1.13014 	0.00796947 	0.000738653 	-0.115894
1.13379 	0.00794539 	0.000755634 	-0.112103
1.13379 	0.00794539 	0.000755634 	-0.112103
1.1376 	0.00794135 	0.000788418 	-0.108298
1.14141 	0.00789256 	0.0007948 	-0.104926
1.14537 	0.00791881 	0.000817535 	-0.100972
1.14933 	0.00784908 	0.000789369 	-0.0978267
1.15345 	0.00785458 	0.00083599 	-0.0941232
1.15758 	0.00781109 	0.000851322 	-0.0909005
1.16188 	0.00779208 	0.000851264 	-0.0874592
1.16618 	0.00777086 	0.000851298 	-0.0840535
1.16643 	0.00776821 	0.000848991 	-0.0838761
1.16667 	0.00776556 	0.000846685 	-0.0836988
1.1709 	0.00768927 	0.000806058 	-0.0800991
1.17513 	0.00761297 	0.000765431 	-0.0764993
1.17979 	0.00755066 	0.000762871 	-0.0727912
1.18445 	0.007448 	0.000757186 	-0.0695618
1.1893 	0.00739649 	0.000717044 	-0.0656295
1.19415 	0.00728449 	0.000716458 	-0.0630578
1.1992 	0.00720187 	0.000687865 	-0.0594798
1.20426 	0.00710624 	0.000673928 	-0.0567186
1.20928 	0.00700569 	0.000660707 	-0.0538513
1.21429 	0.00690514 	0.000647485 	-0.050984
1.21454 	0.00689963 	0.000647312 	-0.0508265
1.21478 	0.00689413 	0.000647139 	-0.050669
1.22026 	0.00677644 	0.000648409 	-0.0478877
1.22574 	0.00665815 	0.000650576 	-0.0451395
1.23144 	0.00654713 	0.000645342 	-0.0421816
1.23714 	0.00644282 	0.000654554 	-0.0400063
1.24308 	0.00632126 	0.000651044 	-0.0370006
1.24903 	0.00623257 	0.000663243 	-0.0351958
1.25521 	0.00612219 	0.000670856 	-0.0327065
1.2614 	0.00602692 	0.000681158 	-0.0306544
1.26532 	0.00597151 	0.000689882 	-0.0294218
1.26923 	0.00591611 	0.000698605 	-0.0281891
1.27176 	0.00588168 	0.000704854 	-0.0272863
1.27428 	0.00584724 	0.000711102 	-0.0263835
1.28099 	0.0057699 	0.000726783 	-0.0242935
1.2877 	0.00570135 	0.000743263 	-0.0224358
1.2877 	0.00570135 	0.000743263 	-0.0224358
1.29468 	0.0056213 	0.000759611 	-0.0201621
1.30167 	0.00556677 	0.00077551 	-0.0187081
1.30894 	0.00549882 	0.000792117 	-0.0166154
1.31621 	0.00544534 	0.000809026 	-0.015197
1.32378 	0.0053907 	0.000826436 	-0.0135213
1.33136 	0.00533711 	0.00084399 	-0.0119179
1.33234 	0.00533132 	0.000846203 	-0.011755
1.33333 	0.00532552 	0.000848417 	-0.0115921
1.34023 	0.00528464 	0.000864784 	-0.0102669
1.34713 	0.00524376 	0.000881151 	-0.00894185
1.35535 	0.00519691 	0.000900534 	-0.00733807
1.36356 	0.00515561 	0.000920609 	-0.0061677
1.37211 	0.00510997 	0.000941623 	-0.00450261
1.38066 	0.00507265 	0.000964904 	-0.00360609
1.38956 	0.0050323 	0.000988575 	-0.00229474
1.39847 	0.00499471 	0.00101314 	-0.00124933
1.40378 	0.00497446 	0.00102744 	-0.000672863
1.40909 	0.00495421 	0.00104174 	-9.63967e-05
1.41306 	0.00493883 	0.00105287 	0.000409871
1.41702 	0.00492344 	0.001064 	0.000916139
1.42667 	0.00489036 	0.0010926 	0.00197932
1.43633 	0.00485904 	0.00112162 	0.00287094
1.44638 	0.00482646 	0.00115306 	0.00402964
1.45644 	0.00479907 	0.00118644 	0.0046419
1.46691 	0.00476961 	0.00121977 	0.00563722
1.47738 	0.00474343 	0.00125437 	0.00624504
1.48828 	0.00471758 	0.00128987 	0.0069894
1.49919 	0.00469182 	0.00132541 	0.00772033
1.4996 	0.00469099 	0.00132686 	0.00773868
1.50001 	0.00469015 	0.00132832 	0.00775702
1.51095 	0.00466747 	0.00136834 	0.00838172
1.52189 	0.00464479 	0.00140836 	0.00900642
1.53371 	0.00462147 	0.00145298 	0.00972182
1.54554 	0.00460025 	0.00149882 	0.0101411
1.55785 	0.00457763 	0.00154471 	0.0108782
1.57016 	0.00455804 	0.00159216 	0.0111426
1.58298 	0.00453741 	0.00164252 	0.0116709
1.5958 	0.00451776 	0.00169334 	0.0120326
1.60346 	0.00450682 	0.00172584 	0.0122253
1.61112 	0.00449588 	0.00175835 	0.012418
1.61681 	0.00448757 	0.00178301 	0.0126112
1.6225 	0.00447926 	0.00180766 	0.0128045
1.6364 	0.00446053 	0.00186837 	0.0131754
1.6503 	0.00444239 	0.00192958 	0.0134435
1.66477 	0.00442348 	0.00199288 	0.013879
1.67925 	0.0044063 	0.00205739 	0.0139786
1.69432 	0.00438745 	0.00212694 	0.0143462
1.7094 	0.00436996 	0.00219773 	0.0144268
1.72509 	0.00435118 	0.00227356 	0.0146413
1.74079 	0.00433266 	0.00234979 	0.0147947
1.7454 	0.00432739 	0.00237202 	0.0148168
1.75001 	0.00432213 	0.00239426 	0.0148389
1.76175 	0.0043085 	0.00245186 	0.0149591
1.77348 	0.00429487 	0.00250947 	0.0150794
1.79049 	0.00427581 	0.00259513 	0.0152458
1.80751 	0.00425738 	0.00268185 	0.0152799
1.82523 	0.00423845 	0.00277635 	0.0155006
1.84296 	0.00422109 	0.00287338 	0.0154227
1.86141 	0.00420332 	0.00296712 	0.0155858
1.87987 	0.00418664 	0.003065 	0.0155382
1.89908 	0.00417004 	0.00319993 	0.0155688
1.9183 	0.00415366 	0.00333484 	0.0155565
1.92343 	0.00414984 	0.00336666 	0.0155648
1.92856 	0.00414601 	0.00339848 	0.0155731
1.94344 	0.00413467 	0.00349435 	0.0156314
1.95832 	0.00412333 	0.00359021 	0.0156897
1.97916 	0.00410748 	0.00371497 	0.0156635
2 	0.00409214 	0.00384256 	0.0155219
2 	0.00409214 	0.00384256 	0.0155219
2.03636 	0.00406893 	0.00409781 	0.0154911
2.07273 	0.00404693 	0.00437425 	0.0150854
