1 	0.00124002 	0 	-0.193514
1.00104 	0.00130835 	8.28633e-07 	-0.192484
1.00208 	0.00137891 	1.64791e-06 	-0.191502
1.00317 	0.0021446 	8.16491e-06 	-0.189863
1.00425 	0.00297011 	1.47955e-05 	-0.188493
1.00538 	0.00417412 	3.3688e-05 	-0.18646
1.00651 	0.00564552 	5.43067e-05 	-0.184943
1.00769 	0.00659445 	8.4785e-05 	-0.182862
1.00887 	0.00786593 	0.000121351 	-0.181477
1.01009 	0.00863438 	0.000158317 	-0.1795
1.01132 	0.00960263 	0.000208018 	-0.178329
1.01259 	0.010283 	0.000247427 	-0.176459
1.01387 	0.0110858 	0.00030714 	-0.175342
1.01519 	0.0117369 	0.000349995 	-0.173719
1.01652 	0.0124428 	0.0004119 	-0.172682
1.0179 	0.013076 	0.00045775 	-0.171381
1.01929 	0.0137256 	0.000517938 	-0.170594
1.02073 	0.0143387 	0.000566677 	-0.169507
1.02217 	0.0149478 	0.000624159 	-0.168677
1.02367 	0.0155324 	0.000675128 	-0.167723
1.02517 	0.0161083 	0.000730063 	-0.166873
1.02574 	0.0163117 	0.000747966 	-0.166625
1.02632 	0.0165119 	0.000766608 	-0.166419
1.0273 	0.0167296 	0.000789902 	-0.166986
1.02829 	0.0169523 	0.000813992 	-0.167536
1.02992 	0.0172666 	0.0008452 	-0.168455
1.03155 	0.0175952 	0.000878155 	-0.169306
1.03324 	0.0178827 	0.000906277 	-0.170197
1.03493 	0.0181942 	0.000936152 	-0.170895
1.03669 	0.0184575 	0.000961876 	-0.172059
1.03846 	0.0187533 	0.000989178 	-0.172955
1.04029 	0.0189868 	0.00101236 	-0.174145
1.04213 	0.01926 	0.00103758 	-0.174992
1.04405 	0.0194671 	0.00106001 	-0.176072
1.04596 	0.0197054 	0.00108358 	-0.176751
1.04795 	0.0198853 	0.00110373 	-0.177926
1.04994 	0.0200901 	0.00112457 	-0.178834
1.05201 	0.0202468 	0.00114198 	-0.179908
1.05409 	0.0204202 	0.00115987 	-0.180831
1.05482 	0.0204646 	0.00116535 	-0.181168
1.05556 	0.0205142 	0.00117091 	-0.181457
1.05698 	0.0206235 	0.00118327 	-0.181686
1.05841 	0.0207454 	0.00119711 	-0.181909
1.06066 	0.0208888 	0.0012154 	-0.182423
1.0629 	0.0210694 	0.00123704 	-0.182872
1.06524 	0.0211968 	0.00125527 	-0.183431
1.06759 	0.0213928 	0.00127768 	-0.183873
1.07003 	0.0215098 	0.0012964 	-0.18446
1.07246 	0.0217331 	0.00131882 	-0.184873
1.075 	0.0218689 	0.00133841 	-0.185477
1.07754 	0.0221051 	0.00135974 	-0.185943
1.08018 	0.0222761 	0.00137993 	-0.186505
1.08283 	0.0225182 	0.00140053 	-0.186949
1.08553 	0.0227259 	0.00142019 	-0.187466
1.08824 	0.0229706 	0.00143975 	-0.187924
1.08828 	0.0229749 	0.00144009 	-0.187937
1.08833 	0.0229799 	0.00144046 	-0.187948
1.0912 	0.02324 	0.00146088 	-0.18874
1.09407 	0.0235426 	0.00148208 	-0.189473
1.09705 	0.0238101 	0.00150316 	-0.190242
1.10004 	0.0241635 	0.00152531 	-0.190884
1.10314 	0.024437 	0.00154713 	-0.191673
1.10625 	0.024841 	0.00156985 	-0.192235
1.10949 	0.025143 	0.00159246 	-0.192976
1.11273 	0.0255719 	0.00161468 	-0.193517
1.1161 	0.0259188 	0.00163742 	-0.194159
1.11947 	0.026347 	0.00165904 	-0.194661
1.12224 	0.0266434 	0.00167637 	-0.195089
1.125 	0.0269748 	0.00169281 	-0.195452
1.12575 	0.0270557 	0.00169831 	-0.195558
1.12649 	0.0271459 	0.00170364 	-0.195655
1.13014 	0.0275109 	0.00172913 	-0.196134
1.13379 	0.0279305 	0.00175314 	-0.196553
1.1376 	0.0282698 	0.00177859 	-0.197015
1.14141 	0.0287084 	0.00180003 	-0.197357
1.14537 	0.0290142 	0.00182522 	-0.197762
1.14933 	0.0294582 	0.0018432 	-0.197987
1.15345 	0.0297551 	0.00186464 	-0.198289
1.15758 	0.0301401 	0.00188071 	-0.198455
1.15758 	0.0301401 	0.00188071 	-0.198455
1.16188 	0.0304027 	0.00189749 	-0.198629
1.16618 	0.0307043 	0.00191124 	-0.198732
1.16643 	0.0307139 	0.00191205 	-0.198737
1.16667 	0.030725 	0.00191269 	-0.198738
1.1709 	0.030859 	0.00193046 	-0.198868
1.17513 	0.0310493 	0.00194569 	-0.198945
1.17979 	0.0311053 	0.00196326 	-0.199007
1.18445 	0.0312641 	0.00197494 	-0.198952
1.1893 	0.0312359 	0.0019911 	-0.198938
1.19415 	0.0313273 	0.0019979 	-0.198735
1.19921 	0.0312358 	0.00200904 	-0.198577
1.20426 	0.0311906 	0.00201411 	-0.198275
1.20928 	0.0309921 	0.00201899 	-0.197974
1.21429 	0.0307938 	0.00202151 	-0.197593
1.21454 	0.0307825 	0.00202195 	-0.19758
1.21478 	0.0307739 	0.00202224 	-0.197564
1.22026 	0.0303854 	0.00202632 	-0.197204
1.22574 	0.0300327 	0.00202761 	-0.196772
1.23144 	0.0294954 	0.00202255 	-0.196344
1.23714 	0.0289504 	0.00201322 	-0.195745
1.24309 	0.0282612 	0.00199728 	-0.195227
1.24903 	0.027433 	0.0019729 	-0.194457
1.25522 	0.0265084 	0.00194156 	-0.193754
1.2614 	0.0254066 	0.00190121 	-0.192874
1.26532 	0.0247017 	0.00187442 	-0.192344
1.26923 	0.0238947 	0.00184221 	-0.191738
1.27176 	0.0234326 	0.00182509 	-0.19141
1.27428 	0.0229259 	0.00180447 	-0.19104
1.28099 	0.0216728 	0.00176151 	-0.190103
1.2877 	0.0201541 	0.00170213 	-0.188997
1.29469 	0.0189391 	0.00167205 	-0.187955
1.30167 	0.0171194 	0.00160877 	-0.186584
1.30894 	0.0158813 	0.00159211 	-0.185337
1.31621 	0.0140535 	0.00154503 	-0.183767
1.32379 	0.0128213 	0.00154708 	-0.182246
1.33136 	0.0113027 	0.00153591 	-0.180538
1.33234 	0.011194 	0.00154066 	-0.180334
1.33333 	0.0110615 	0.00154474 	-0.180108
1.34023 	0.0102695 	0.00157745 	-0.178684
1.34713 	0.00925882 	0.00160154 	-0.177102
1.35535 	0.00873949 	0.0016681 	-0.175427
1.36356 	0.00793286 	0.00173437 	-0.173393
1.37211 	0.00766449 	0.00180635 	-0.171675
1.38066 	0.00722882 	0.00190135 	-0.169467
1.38957 	0.00707468 	0.00196619 	-0.16757
1.39847 	0.00689242 	0.00204629 	-0.165383
1.40378 	0.00683788 	0.00206763 	-0.16425
1.40909 	0.00678203 	0.00209138 	-0.163017
1.41306 	0.00674027 	0.00210797 	-0.162162
1.41702 	0.00669756 	0.00212749 	-0.16123
1.42668 	0.00661259 	0.00213637 	-0.159261
1.43633 	0.0065296 	0.00214276 	-0.157042
1.44639 	0.00643923 	0.0021532 	-0.155094
1.45644 	0.0063495 	0.00214321 	-0.152748
1.45644 	0.0063495 	0.00214321 	-0.152748
1.46691 	0.0062535 	0.0021838 	-0.1507
1.47738 	0.00615421 	0.00220632 	-0.148356
1.48828 	0.00605735 	0.00228053 	-0.14619
1.49919 	0.00595766 	0.00235005 	-0.143887
1.4996 	0.00595446 	0.00235337 	-0.14381
1.50001 	0.00595117 	0.00235666 	-0.143728
1.51095 	0.00586381 	0.00244463 	-0.141628
1.52189 	0.00577384 	0.00253093 	-0.139404
1.53371 	0.00569446 	0.00262211 	-0.137245
1.54554 	0.00561099 	0.0027123 	-0.134858
1.55785 	0.00554134 	0.00280046 	-0.132689
1.57016 	0.00546801 	0.00288643 	-0.130261
1.58298 	0.00540528 	0.00297399 	-0.128013
1.5958 	0.00534089 	0.00305973 	-0.125623
1.60346 	0.00530839 	0.00311063 	-0.124317
1.61112 	0.0052754 	0.00316092 	-0.122965
1.61681 	0.00525079 	0.00319819 	-0.121977
1.6225 	0.00522589 	0.00323465 	-0.120953
1.6364 	0.00517381 	0.00332304 	-0.118655
1.6503 	0.00512094 	0.00340943 	-0.116246
1.66478 	0.00507363 	0.00349836 	-0.113961
1.67925 	0.00502523 	0.00358536 	-0.111515
1.69433 	0.00498164 	0.00367399 	-0.109209
1.7094 	0.00493723 	0.00376185 	-0.106778
1.7251 	0.0048965 	0.00384953 	-0.104446
1.74079 	0.00485538 	0.00393731 	-0.102055
1.7454 	0.00484458 	0.0039617 	-0.101402
1.75001 	0.0048337 	0.00398624 	-0.100739
1.76175 	0.00480583 	0.00404769 	-0.0990434
1.77348 	0.00477785 	0.00410974 	-0.0973202
1.7905 	0.00474119 	0.00419507 	-0.094994
1.80751 	0.00470427 	0.00428272 	-0.092619
1.82524 	0.00466957 	0.00436905 	-0.0903316
1.84296 	0.00463445 	0.00445965 	-0.0879909
1.86142 	0.00460154 	0.00454758 	-0.0857374
1.87987 	0.0045683 	0.00463874 	-0.0834577
1.89909 	0.00453705 	0.00472256 	-0.0812403
1.9183 	0.00450564 	0.00480724 	-0.0790153
1.92343 	0.00449802 	0.00483083 	-0.0784742
1.92856 	0.00449037 	0.00485469 	-0.0779323
1.94344 	0.00446804 	0.00492183 	-0.0763351
1.95832 	0.00444566 	0.00498976 	-0.0747349
1.97916 	0.00441359 	0.00516372 	-0.072278
2 	0.00438142 	0.00533712 	-0.0698241
