1 	0 	0 	0
1.00104 	-0.0129876 	0.000318908 	0.0751657
1.00208 	-0.0259752 	0.000637816 	0.150331
1.00317 	-0.024474 	0.000937415 	0.216384
1.00425 	-0.0229727 	0.00123701 	0.282436
1.00538 	-0.0143092 	0.00126546 	0.326533
1.00651 	-0.00564565 	0.0012939 	0.370629
1.00769 	0.0017516 	0.000984091 	0.389318
1.00887 	0.00914884 	0.000674278 	0.408006
1.01009 	0.0129473 	0.000158487 	0.411717
1.01132 	0.0167458 	-0.000357303 	0.415429
1.0126 	0.0183615 	-0.000992552 	0.413185
1.01387 	0.0199773 	-0.0016278 	0.41094
1.01519 	0.020511 	-0.00233957 	0.406286
1.01652 	0.0210447 	-0.00305134 	0.401631
1.0179 	0.0210017 	-0.00382245 	0.39573
1.01929 	0.0209587 	-0.00459356 	0.389828
1.02073 	0.0205758 	-0.00541198 	0.383097
1.02217 	0.020193 	-0.00623041 	0.376366
1.02367 	0.0196016 	-0.00708856 	0.368977
1.02517 	0.0190102 	-0.00794672 	0.361588
1.02673 	0.0182996 	-0.00883948 	0.353615
1.02829 	0.017589 	-0.00973225 	0.345642
1.02992 	0.0168341 	-0.0106561 	0.337116
1.03155 	0.0160792 	-0.01158 	0.32859
1.03324 	0.0153504 	-0.0125358 	0.319498
1.03493 	0.0146215 	-0.0134916 	0.310405
1.03669 	0.0139997 	-0.0144816 	0.300737
1.03846 	0.0133779 	-0.0154715 	0.291068
1.04029 	0.0129648 	-0.0164904 	0.280931
1.04213 	0.0125516 	-0.0175092 	0.270793
1.04404 	0.0124523 	-0.0185451 	0.260407
1.04596 	0.012353 	-0.0195809 	0.250021
1.04795 	0.0126529 	-0.0206222 	0.239622
1.04994 	0.0129527 	-0.0216635 	0.229224
1.05201 	0.0137107 	-0.0227036 	0.218997
1.05409 	0.0144686 	-0.0237436 	0.208771
1.05625 	0.0157218 	-0.0247807 	0.198833
1.05841 	0.016975 	-0.0258179 	0.188895
1.06065 	0.0187526 	-0.0268585 	0.179268
1.0629 	0.0205301 	-0.0278991 	0.169641
1.06524 	0.0228723 	-0.028955 	0.160275
1.06759 	0.0252145 	-0.030011 	0.15091
1.07002 	0.0281785 	-0.0310914 	0.141781
1.07246 	0.0311424 	-0.0321719 	0.132652
1.075 	0.0348025 	-0.0332798 	0.123789
1.07754 	0.0384625 	-0.0343878 	0.114926
1.08018 	0.0429003 	-0.0355197 	0.106413
1.08283 	0.047338 	-0.0366517 	0.0979011
1.08558 	0.052648 	-0.0378014 	0.0898416
1.08833 	0.0579579 	-0.0389511 	0.0817821
1.0912 	0.0642591 	-0.0401101 	0.074284
1.09407 	0.0705602 	-0.0412691 	0.0667859
1.09705 	0.0779868 	-0.0424233 	0.0599879
1.10004 	0.0854134 	-0.0435775 	0.0531899
1.10314 	0.0941325 	-0.0447088 	0.0472494
1.10625 	0.102852 	-0.0458401 	0.0413088
1.10949 	0.113073 	-0.0469207 	0.0364104
1.11273 	0.123294 	-0.0480013 	0.0315119
1.1161 	0.135254 	-0.0489866 	0.0278867
1.11947 	0.147213 	-0.0499719 	0.0242615
1.12298 	0.161183 	-0.0508033 	0.0221795
1.12649 	0.175152 	-0.0516347 	0.0200975
1.13014 	0.191443 	-0.0522401 	0.019862
1.13379 	0.207734 	-0.0528455 	0.0196265
1.1376 	0.226683 	-0.0531373 	0.0215685
1.14141 	0.245632 	-0.0534291 	0.0235106
1.14537 	0.267573 	-0.0533051 	0.0279674
1.14933 	0.289514 	-0.053181 	0.0324242
1.15346 	0.314856 	-0.0525138 	0.039737
1.15758 	0.340197 	-0.0518466 	0.0470498
1.16188 	0.369435 	-0.0504956 	0.0575687
1.16618 	0.398674 	-0.0491447 	0.0680877
1.17066 	0.43221 	-0.046976 	0.0820734
1.17513 	0.465746 	-0.0448074 	0.0960592
1.17979 	0.503837 	-0.0416899 	0.113632
1.18445 	0.541929 	-0.0385724 	0.131204
1.18445 	0.541929 	-0.0385724 	0.131204
1.1893 	0.584923 	-0.034361 	0.152463
1.19415 	0.627916 	-0.0301495 	0.173722
1.19921 	0.675987 	-0.0246588 	0.198622
1.20426 	0.724059 	-0.019168 	0.223522
1.20952 	0.776107 	-0.0123053 	0.251339
1.21478 	0.828156 	-0.00544262 	0.279157
1.22026 	0.879965 	0.00233405 	0.30752
1.22574 	0.931774 	0.0101107 	0.335883
1.23144 	0.97583 	0.0176047 	0.360553
1.23714 	1.01989 	0.0250987 	0.385223
1.24308 	1.05061 	0.0312071 	0.402891
1.24903 	1.08134 	0.0373154 	0.420558
1.25521 	1.0996 	0.0419257 	0.43149
1.2614 	1.11787 	0.046536 	0.442422
1.26784 	1.12806 	0.0501877 	0.449016
1.27428 	1.13824 	0.0538395 	0.45561
1.2877 	1.14925 	0.0600681 	0.464149
1.30167 	1.15418 	0.0656318 	0.470338
1.31621 	1.15408 	0.0708779 	0.475616
1.33136 	1.14886 	0.0759399 	0.48077
1.34713 	1.13907 	0.0805894 	0.485759
1.36356 	1.12706 	0.0846121 	0.490073
1.38066 	1.11536 	0.0880374 	0.493466
1.39847 	1.1047 	0.0909638 	0.496163
1.41702 	1.09472 	0.0934258 	0.498436
1.43633 	1.08519 	0.0954378 	0.500388
1.45644 	1.07608 	0.0970176 	0.502049
1.47738 	1.06737 	0.0981847 	0.503436
1.49919 	1.05908 	0.0989572 	0.504567
1.52189 	1.05118 	0.0993426 	0.505463
1.54554 	1.04368 	0.0993388 	0.506143
1.57016 	1.03656 	0.0989557 	0.506628
1.5958 	1.02981 	0.0982186 	0.506937
1.6225 	1.02343 	0.0971522 	0.507084
1.6225 	1.02343 	0.0971522 	0.507084
1.6364 	1.02041 	0.0964639 	0.507085
1.6503 	1.0174 	0.0957755 	0.507085
1.66477 	1.01455 	0.0949405 	0.507019
1.67925 	1.0117 	0.0941054 	0.506953
1.69432 	1.00901 	0.0931338 	0.506827
1.7094 	1.00632 	0.0921622 	0.506702
1.72509 	1.00378 	0.0910649 	0.506521
1.74079 	1.00125 	0.0899677 	0.506341
1.75713 	0.99886 	0.0887569 	0.506111
1.77348 	0.996474 	0.0875462 	0.505881
1.79049 	0.994229 	0.086234 	0.505607
1.80751 	0.991984 	0.0849218 	0.505333
1.82523 	0.989871 	0.0835199 	0.50502
1.84296 	0.987758 	0.082118 	0.504706
1.86141 	0.985768 	0.0806429 	0.504356
1.87987 	0.983777 	0.0791678 	0.504006
