0 	0 	0 	0
0.00138042 	-0.0106737 	0.000309817 	-0.00913502
0.00276083 	-0.0215438 	0.000620389 	-0.0183475
0.00419136 	-0.0406733 	0.00145778 	-0.0323274
0.0056219 	-0.0599815 	0.00229616 	-0.0463994
0.00710437 	-0.0846463 	0.00373541 	-0.0635435
0.00858684 	-0.109428 	0.00517373 	-0.0807608
0.0101231 	-0.133743 	0.00697738 	-0.0973656
0.0116594 	-0.158081 	0.00877655 	-0.113996
0.0132515 	-0.177946 	0.0106665 	-0.127561
0.0148436 	-0.197769 	0.0125492 	-0.141113
0.0164935 	-0.212747 	0.0143844 	-0.151431
0.0181433 	-0.227662 	0.0162108 	-0.16172
0.0198531 	-0.238676 	0.0179294 	-0.169398
0.0215629 	-0.249627 	0.019639 	-0.177042
0.0233347 	-0.257636 	0.0212156 	-0.182707
0.0251066 	-0.265588 	0.0227836 	-0.188342
0.0269428 	-0.271375 	0.0242222 	-0.192512
0.0287789 	-0.277114 	0.025653 	-0.196656
0.0306818 	-0.281278 	0.0269709 	-0.199726
0.0325847 	-0.285404 	0.0282818 	-0.202773
0.0345566 	-0.288385 	0.0294995 	-0.205031
0.0365285 	-0.291334 	0.0307113 	-0.207271
0.0385721 	-0.293441 	0.0318481 	-0.208925
0.0406156 	-0.295523 	0.0329797 	-0.210565
0.0427334 	-0.296972 	0.0340523 	-0.211761
0.0448511 	-0.298401 	0.0351202 	-0.212945
0.0470457 	-0.299343 	0.0361429 	-0.213786
0.0492403 	-0.300268 	0.0371615 	-0.214617
0.0515146 	-0.300805 	0.0381457 	-0.215177
0.053789 	-0.301328 	0.0391263 	-0.215729
0.0561458 	-0.301537 	0.0400808 	-0.216061
0.0585027 	-0.301734 	0.0410318 	-0.216386
0.0609451 	-0.301669 	0.0419635 	-0.21653
0.0633875 	-0.301594 	0.042892 	-0.216667
0.0659187 	-0.301298 	0.0438063 	-0.216651
0.0684498 	-0.300992 	0.0447177 	-0.216628
0.0710728 	-0.300493 	0.0456192 	-0.216473
0.0736958 	-0.299985 	0.0465179 	-0.216312
0.0764141 	-0.299307 	0.0474104 	-0.216034
0.0791323 	-0.29862 	0.0483002 	-0.21575
0.0819493 	-0.297779 	0.049187 	-0.21536
0.0847663 	-0.296931 	0.0500712 	-0.214965
0.0876855 	-0.29594 	0.0509553 	-0.214473
0.0906046 	-0.294943 	0.0518369 	-0.213975
0.0936299 	-0.293812 	0.0527209 	-0.213387
0.0966551 	-0.292676 	0.0536025 	-0.212794
0.0997904 	-0.291413 	0.0544889 	-0.212114
0.102926 	-0.290145 	0.0553728 	-0.21143
0.106174 	-0.288755 	0.0562633 	-0.210662
0.109423 	-0.287361 	0.0571515 	-0.209891
0.11279 	-0.285848 	0.0580479 	-0.209038
0.116157 	-0.284331 	0.0589421 	-0.208181
0.119646 	-0.282699 	0.0598463 	-0.207244
0.123135 	-0.281063 	0.0607481 	-0.206303
0.12675 	-0.279313 	0.0616615 	-0.205283
0.130366 	-0.277558 	0.0625726 	-0.20426
0.134113 	-0.275691 	0.0634968 	-0.203157
0.13786 	-0.273819 	0.0644187 	-0.202051
0.141744 	-0.271835 	0.0653549 	-0.200866
0.145627 	-0.269847 	0.0662888 	-0.199677
0.14965 	-0.267747 	0.0672383 	-0.198409
0.153674 	-0.265642 	0.0681853 	-0.197137
0.157844 	-0.263424 	0.0691491 	-0.195786
0.162015 	-0.261202 	0.0701105 	-0.19443
0.162015 	-0.261202 	0.0701105 	-0.19443
0.166336 	-0.258865 	0.0710897 	-0.192994
0.166336 	-0.258865 	0.0710897 	-0.192994
0.170658 	-0.256524 	0.0720664 	-0.191553
0.170658 	-0.256524 	0.0720664 	-0.191553
0.175137 	-0.254067 	0.0730617 	-0.190032
0.179615 	-0.251607 	0.0740546 	-0.188506
0.184256 	-0.249028 	0.0750669 	-0.186898
0.188897 	-0.246446 	0.0760767 	-0.185285
0.193707 	-0.243744 	0.0771071 	-0.183588
0.198516 	-0.241038 	0.0781348 	-0.181888
0.2035 	-0.23821 	0.0791837 	-0.180102
0.208485 	-0.235379 	0.0802298 	-0.178312
0.213649 	-0.232424 	0.0812966 	-0.176437
0.218814 	-0.229465 	0.0823606 	-0.174556
0.224167 	-0.22638 	0.0834449 	-0.172589
0.22952 	-0.223291 	0.0845263 	-0.170616
0.235067 	-0.220075 	0.0856283 	-0.168556
0.240614 	-0.216854 	0.0867274 	-0.166491
0.246363 	-0.213503 	0.0878468 	-0.164337
0.252111 	-0.210149 	0.0889633 	-0.162178
0.258068 	-0.206662 	0.0900992 	-0.159929
0.264025 	-0.203172 	0.0912321 	-0.157674
0.270198 	-0.199547 	0.0923834 	-0.15533
0.276372 	-0.195919 	0.0935315 	-0.15298
0.28277 	-0.192157 	0.0946968 	-0.150541
0.289167 	-0.188391 	0.0958589 	-0.148097
0.295797 	-0.184493 	0.0970366 	-0.145566
0.302426 	-0.18059 	0.0982109 	-0.143029
0.309297 	-0.176556 	0.0993988 	-0.140408
0.316168 	-0.172518 	0.100583 	-0.137781
0.323288 	-0.168349 	0.101778 	-0.135073
0.330407 	-0.164176 	0.102969 	-0.132359
0.337786 	-0.159872 	0.104167 	-0.129566
0.345164 	-0.155563 	0.105361 	-0.126767
0.352811 	-0.151122 	0.106557 	-0.123891
0.360457 	-0.146676 	0.107749 	-0.121009
0.368381 	-0.142095 	0.108936 	-0.118052
0.376305 	-0.137509 	0.110119 	-0.115089
0.384517 	-0.132785 	0.11129 	-0.112053
0.392728 	-0.128056 	0.112457 	-0.109012
0.392728 	-0.128056 	0.112457 	-0.109012
0.401238 	-0.123184 	0.113604 	-0.105898
0.409748 	-0.118307 	0.114745 	-0.102778
0.418567 	-0.113281 	0.115857 	-0.0995867
0.427386 	-0.10825 	0.116963 	-0.0963896
0.436525 	-0.103065 	0.118027 	-0.0931225
0.445664 	-0.0978738 	0.119086 	-0.0898492
0.455134 	-0.092521 	0.120089 	-0.0865064
0.464605 	-0.0871613 	0.121087 	-0.0831573
0.47442 	-0.0816317 	0.122017 	-0.0797393
0.484235 	-0.0760944 	0.122941 	-0.0763149
0.494406 	-0.070377 	0.12378 	-0.0728226
0.504577 	-0.0646512 	0.124613 	-0.0693238
0.515117 	-0.0587323 	0.125338 	-0.0657586
0.525657 	-0.0528044 	0.126055 	-0.0621869
0.53658 	-0.0466686 	0.126636 	-0.0585508
0.547503 	-0.0405229 	0.127209 	-0.0549082
0.558822 	-0.0341508 	0.127621 	-0.0512039
0.570142 	-0.0277681 	0.128026 	-0.0474931
0.581872 	-0.0211371 	0.128249 	-0.0437243
0.593603 	-0.0144946 	0.128465 	-0.0399493
0.605759 	-0.0075756 	0.12848 	-0.0361249
0.617916 	-0.000644068 	0.128488 	-0.0322947
0.630514 	0.00660023 	0.128275 	-0.0284299
0.643111 	0.013858 	0.128054 	-0.0245596
0.656166 	0.0214676 	0.127569 	-0.0206729
0.669222 	0.0290915 	0.127076 	-0.0167815
0.682751 	0.0371136 	0.126257 	-0.0128978
0.69628 	0.0451508 	0.125429 	-0.0090102
0.7103 	0.0536402 	0.124213 	-0.00516375
0.72432 	0.0621453 	0.12299 	-0.0013149
0.73885 	0.0711659 	0.121314 	0.00244704
0.753379 	0.0802028 	0.119632 	0.00620943
0.768436 	0.089827 	0.117427 	0.00982603
0.783493 	0.0994688 	0.115217 	0.0134409
0.799097 	0.109822 	0.112425 	0.016865
0.8147 	0.1202 	0.10963 	0.020287
0.83087 	0.131779 	0.106178 	0.0236219
0.847041 	0.143413 	0.102722 	0.0269633
0.863798 	0.157796 	0.0983504 	0.0308587
0.880555 	0.172308 	0.0939679 	0.0347943
0.897921 	0.193189 	0.0880477 	0.041349
0.915286 	0.214325 	0.0821123 	0.0480267
0.933282 	0.247916 	0.0740684 	0.0620859
0.951278 	0.281893 	0.0659965 	0.0763931
0.969927 	0.335672 	0.0544345 	0.105756
0.988577 	0.389887 	0.0428198 	0.135475
1.00791 	0.467299 	0.0262575 	0.186456
1.02723 	0.544883 	0.00969875 	0.237644
1.02723 	0.544883 	0.00969875 	0.237644
1.05032 	0.636394 	-0.00763143 	0.30098
1.0734 	0.718128 	-0.0219042 	0.359518
1.09428 	0.805421 	-0.0380817 	0.421616
1.11515 	0.867705 	-0.0465817 	0.46565
1.13678 	0.934166 	-0.0557718 	0.507987
1.15841 	0.975733 	-0.0582751 	0.531352
1.18083 	1.01925 	-0.0617178 	0.551878
1.20325 	1.04349 	-0.0611878 	0.559302
1.22648 	1.0699 	-0.06129 	0.564872
1.24971 	1.0827 	-0.0596889 	0.563329
1.27379 	1.09951 	-0.0579754 	0.561126
1.29786 	1.10688 	-0.0547591 	0.552052
1.32281 	1.11899 	-0.0512014 	0.543632
1.34776 	1.12418 	-0.0468187 	0.530714
1.37362 	1.13234 	-0.0419686 	0.51989
1.39947 	1.13538 	-0.0366727 	0.508413
1.42627 	1.13901 	-0.0306091 	0.499305
1.45306 	1.13927 	-0.0244117 	0.490669
1.48083 	1.13943 	-0.0185547 	0.483942
1.50859 	1.1391 	-0.0144976 	0.477684
1.51524 	1.13784 	-0.0129794 	0.47615
1.52189 	1.13729 	-0.0119476 	0.474824
1.53371 	1.13512 	-0.00980214 	0.472043
1.54554 	1.1339 	-0.00804586 	0.469957
1.55361 	1.1323 	-0.00696707 	0.468306
1.56168 	1.13136 	-0.00581034 	0.467082
1.56592 	1.13088 	-0.00533462 	0.466488
1.57016 	1.13033 	-0.00481116 	0.465743
1.58298 	1.12893 	-0.00334485 	0.463983
1.5958 	1.12716 	-0.0016259 	0.462058
1.60823 	1.12578 	-0.000262591 	0.460535
1.62066 	1.124 	0.00126579 	0.458873
1.62158 	1.12388 	0.00134755 	0.458746
1.6225 	1.12376 	0.0014414 	0.458614
1.6364 	1.12172 	0.00284951 	0.457065
1.6503 	1.11978 	0.00437969 	0.455341
1.66478 	1.11771 	0.00579132 	0.45385
1.67925 	1.11565 	0.00718194 	0.452295
1.68292 	1.11512 	0.007498 	0.451958
1.68658 	1.11458 	0.00782705 	0.451609
1.69799 	1.11293 	0.00871181 	0.45061
1.7094 	1.11126 	0.00972269 	0.449485
1.7251 	1.10907 	0.0109375 	0.448145
1.74079 	1.10675 	0.012149 	0.446851
1.75077 	1.10538 	0.0128074 	0.446122
1.76075 	1.10387 	0.0135244 	0.445389
1.76711 	1.10292 	0.0139238 	0.444958
1.77348 	1.10201 	0.0142912 	0.444454
1.7905 	1.09958 	0.0153633 	0.443325
1.80751 	1.09707 	0.0163721 	0.44221
1.82524 	1.09457 	0.0173118 	0.441207
1.84296 	1.09201 	0.0182045 	0.44017
1.84388 	1.09188 	0.0182467 	0.440122
1.84479 	1.09175 	0.0182889 	0.440073
1.86233 	1.08925 	0.0190325 	0.439196
1.87987 	1.0867 	0.0198312 	0.438275
1.89909 	1.08404 	0.0206439 	0.437378
1.9183 	1.08127 	0.0213837 	0.436536
1.92957 	1.07976 	0.0217377 	0.436094
1.94084 	1.07812 	0.0220079 	0.435651
1.94958 	1.0769 	0.0222465 	0.435329
1.95832 	1.07565 	0.0224052 	0.434977
1.97916 	1.07263 	0.0230126 	0.434076
2 	1.06935 	0.0236917 	0.433105
